-2, 4
-1.999, 3.996
-1.998, 3.992
-1.997, 3.98801
-1.996, 3.98402
-1.995, 3.98003
-1.994, 3.97604
-1.993, 3.97205
-1.992, 3.96806
-1.991, 3.96408
-1.99, 3.9601
-1.989, 3.95612
-1.988, 3.95214
-1.987, 3.94817
-1.986, 3.9442
-1.985, 3.94023
-1.984, 3.93626
-1.983, 3.93229
-1.982, 3.92832
-1.981, 3.92436
-1.98, 3.9204
-1.979, 3.91644
-1.978, 3.91248
-1.977, 3.90853
-1.976, 3.90458
-1.975, 3.90063
-1.974, 3.89668
-1.973, 3.89273
-1.972, 3.88878
-1.971, 3.88484
-1.97, 3.8809
-1.969, 3.87696
-1.968, 3.87302
-1.967, 3.86909
-1.966, 3.86516
-1.965, 3.86123
-1.964, 3.8573
-1.963, 3.85337
-1.962, 3.84944
-1.961, 3.84552
-1.96, 3.8416
-1.959, 3.83768
-1.958, 3.83376
-1.957, 3.82985
-1.956, 3.82594
-1.955, 3.82203
-1.954, 3.81812
-1.953, 3.81421
-1.952, 3.8103
-1.951, 3.8064
-1.95, 3.8025
-1.949, 3.7986
-1.948, 3.7947
-1.947, 3.79081
-1.946, 3.78692
-1.945, 3.78303
-1.944, 3.77914
-1.943, 3.77525
-1.942, 3.77136
-1.941, 3.76748
-1.94, 3.7636
-1.939, 3.75972
-1.938, 3.75584
-1.937, 3.75197
-1.936, 3.7481
-1.935, 3.74423
-1.934, 3.74036
-1.933, 3.73649
-1.932, 3.73262
-1.931, 3.72876
-1.93, 3.7249
-1.929, 3.72104
-1.928, 3.71718
-1.927, 3.71333
-1.926, 3.70948
-1.925, 3.70563
-1.924, 3.70178
-1.923, 3.69793
-1.922, 3.69408
-1.921, 3.69024
-1.92, 3.6864
-1.919, 3.68256
-1.918, 3.67872
-1.917, 3.67489
-1.916, 3.67106
-1.915, 3.66723
-1.914, 3.6634
-1.913, 3.65957
-1.912, 3.65574
-1.911, 3.65192
-1.91, 3.6481
-1.909, 3.64428
-1.908, 3.64046
-1.907, 3.63665
-1.906, 3.63284
-1.905, 3.62903
-1.904, 3.62522
-1.903, 3.62141
-1.902, 3.6176
-1.901, 3.6138
-1.9, 3.61
-1.899, 3.6062
-1.898, 3.6024
-1.897, 3.59861
-1.896, 3.59482
-1.895, 3.59103
-1.894, 3.58724
-1.893, 3.58345
-1.892, 3.57966
-1.891, 3.57588
-1.89, 3.5721
-1.889, 3.56832
-1.888, 3.56454
-1.887, 3.56077
-1.886, 3.557
-1.885, 3.55323
-1.884, 3.54946
-1.883, 3.54569
-1.882, 3.54192
-1.881, 3.53816
-1.88, 3.5344
-1.879, 3.53064
-1.878, 3.52688
-1.877, 3.52313
-1.876, 3.51938
-1.875, 3.51563
-1.874, 3.51188
-1.873, 3.50813
-1.872, 3.50438
-1.871, 3.50064
-1.87, 3.4969
-1.869, 3.49316
-1.868, 3.48942
-1.867, 3.48569
-1.866, 3.48196
-1.865, 3.47823
-1.864, 3.4745
-1.863, 3.47077
-1.862, 3.46704
-1.861, 3.46332
-1.86, 3.4596
-1.859, 3.45588
-1.858, 3.45216
-1.857, 3.44845
-1.856, 3.44474
-1.855, 3.44103
-1.854, 3.43732
-1.853, 3.43361
-1.852, 3.4299
-1.851, 3.4262
-1.85, 3.4225
-1.849, 3.4188
-1.848, 3.4151
-1.847, 3.41141
-1.846, 3.40772
-1.845, 3.40403
-1.844, 3.40034
-1.843, 3.39665
-1.842, 3.39296
-1.841, 3.38928
-1.84, 3.3856
-1.839, 3.38192
-1.838, 3.37824
-1.837, 3.37457
-1.836, 3.3709
-1.835, 3.36723
-1.834, 3.36356
-1.833, 3.35989
-1.832, 3.35622
-1.831, 3.35256
-1.83, 3.3489
-1.829, 3.34524
-1.828, 3.34158
-1.827, 3.33793
-1.826, 3.33428
-1.825, 3.33063
-1.824, 3.32698
-1.823, 3.32333
-1.822, 3.31968
-1.821, 3.31604
-1.82, 3.3124
-1.819, 3.30876
-1.818, 3.30512
-1.817, 3.30149
-1.816, 3.29786
-1.815, 3.29423
-1.814, 3.2906
-1.813, 3.28697
-1.812, 3.28334
-1.811, 3.27972
-1.81, 3.2761
-1.809, 3.27248
-1.808, 3.26886
-1.807, 3.26525
-1.806, 3.26164
-1.805, 3.25803
-1.804, 3.25442
-1.803, 3.25081
-1.802, 3.2472
-1.801, 3.2436
-1.8, 3.24
-1.799, 3.2364
-1.798, 3.2328
-1.797, 3.22921
-1.796, 3.22562
-1.795, 3.22203
-1.794, 3.21844
-1.793, 3.21485
-1.792, 3.21126
-1.791, 3.20768
-1.79, 3.2041
-1.789, 3.20052
-1.788, 3.19694
-1.787, 3.19337
-1.786, 3.1898
-1.785, 3.18623
-1.784, 3.18266
-1.783, 3.17909
-1.782, 3.17552
-1.781, 3.17196
-1.78, 3.1684
-1.779, 3.16484
-1.778, 3.16128
-1.777, 3.15773
-1.776, 3.15418
-1.775, 3.15063
-1.774, 3.14708
-1.773, 3.14353
-1.772, 3.13998
-1.771, 3.13644
-1.77, 3.1329
-1.769, 3.12936
-1.768, 3.12582
-1.767, 3.12229
-1.766, 3.11876
-1.765, 3.11523
-1.764, 3.1117
-1.763, 3.10817
-1.762, 3.10464
-1.761, 3.10112
-1.76, 3.0976
-1.759, 3.09408
-1.758, 3.09056
-1.757, 3.08705
-1.756, 3.08354
-1.755, 3.08003
-1.754, 3.07652
-1.753, 3.07301
-1.752, 3.0695
-1.751, 3.066
-1.75, 3.0625
-1.749, 3.059
-1.748, 3.0555
-1.747, 3.05201
-1.746, 3.04852
-1.745, 3.04503
-1.744, 3.04154
-1.743, 3.03805
-1.742, 3.03456
-1.741, 3.03108
-1.74, 3.0276
-1.739, 3.02412
-1.738, 3.02064
-1.737, 3.01717
-1.736, 3.0137
-1.735, 3.01023
-1.734, 3.00676
-1.733, 3.00329
-1.732, 2.99982
-1.731, 2.99636
-1.73, 2.9929
-1.729, 2.98944
-1.728, 2.98598
-1.727, 2.98253
-1.726, 2.97908
-1.725, 2.97563
-1.724, 2.97218
-1.723, 2.96873
-1.722, 2.96528
-1.721, 2.96184
-1.72, 2.9584
-1.719, 2.95496
-1.718, 2.95152
-1.717, 2.94809
-1.716, 2.94466
-1.715, 2.94123
-1.714, 2.9378
-1.713, 2.93437
-1.712, 2.93094
-1.711, 2.92752
-1.71, 2.9241
-1.709, 2.92068
-1.708, 2.91726
-1.707, 2.91385
-1.706, 2.91044
-1.705, 2.90703
-1.704, 2.90362
-1.703, 2.90021
-1.702, 2.8968
-1.701, 2.8934
-1.7, 2.89
-1.699, 2.8866
-1.698, 2.8832
-1.697, 2.87981
-1.696, 2.87642
-1.695, 2.87303
-1.694, 2.86964
-1.693, 2.86625
-1.692, 2.86286
-1.691, 2.85948
-1.69, 2.8561
-1.689, 2.85272
-1.688, 2.84934
-1.687, 2.84597
-1.686, 2.8426
-1.685, 2.83923
-1.684, 2.83586
-1.683, 2.83249
-1.682, 2.82912
-1.681, 2.82576
-1.68, 2.8224
-1.679, 2.81904
-1.678, 2.81568
-1.677, 2.81233
-1.676, 2.80898
-1.675, 2.80563
-1.674, 2.80228
-1.673, 2.79893
-1.672, 2.79558
-1.671, 2.79224
-1.67, 2.7889
-1.669, 2.78556
-1.668, 2.78222
-1.667, 2.77889
-1.666, 2.77556
-1.665, 2.77223
-1.664, 2.7689
-1.663, 2.76557
-1.662, 2.76224
-1.661, 2.75892
-1.66, 2.7556
-1.659, 2.75228
-1.658, 2.74896
-1.657, 2.74565
-1.656, 2.74234
-1.655, 2.73903
-1.654, 2.73572
-1.653, 2.73241
-1.652, 2.7291
-1.651, 2.7258
-1.65, 2.7225
-1.649, 2.7192
-1.648, 2.7159
-1.647, 2.71261
-1.646, 2.70932
-1.645, 2.70603
-1.644, 2.70274
-1.643, 2.69945
-1.642, 2.69616
-1.641, 2.69288
-1.64, 2.6896
-1.639, 2.68632
-1.638, 2.68304
-1.637, 2.67977
-1.636, 2.6765
-1.635, 2.67323
-1.634, 2.66996
-1.633, 2.66669
-1.632, 2.66342
-1.631, 2.66016
-1.63, 2.6569
-1.629, 2.65364
-1.628, 2.65038
-1.627, 2.64713
-1.626, 2.64388
-1.625, 2.64063
-1.624, 2.63738
-1.623, 2.63413
-1.622, 2.63088
-1.621, 2.62764
-1.62, 2.6244
-1.619, 2.62116
-1.618, 2.61792
-1.617, 2.61469
-1.616, 2.61146
-1.615, 2.60823
-1.614, 2.605
-1.613, 2.60177
-1.612, 2.59854
-1.611, 2.59532
-1.61, 2.5921
-1.609, 2.58888
-1.608, 2.58566
-1.607, 2.58245
-1.606, 2.57924
-1.605, 2.57603
-1.604, 2.57282
-1.603, 2.56961
-1.602, 2.5664
-1.601, 2.5632
-1.6, 2.56
-1.599, 2.5568
-1.598, 2.5536
-1.597, 2.55041
-1.596, 2.54722
-1.595, 2.54403
-1.594, 2.54084
-1.593, 2.53765
-1.592, 2.53446
-1.591, 2.53128
-1.59, 2.5281
-1.589, 2.52492
-1.588, 2.52174
-1.587, 2.51857
-1.586, 2.5154
-1.585, 2.51223
-1.584, 2.50906
-1.583, 2.50589
-1.582, 2.50272
-1.581, 2.49956
-1.58, 2.4964
-1.579, 2.49324
-1.578, 2.49008
-1.577, 2.48693
-1.576, 2.48378
-1.575, 2.48063
-1.574, 2.47748
-1.573, 2.47433
-1.572, 2.47118
-1.571, 2.46804
-1.57, 2.4649
-1.569, 2.46176
-1.568, 2.45862
-1.567, 2.45549
-1.566, 2.45236
-1.565, 2.44923
-1.564, 2.4461
-1.563, 2.44297
-1.562, 2.43984
-1.561, 2.43672
-1.56, 2.4336
-1.559, 2.43048
-1.558, 2.42736
-1.557, 2.42425
-1.556, 2.42114
-1.555, 2.41803
-1.554, 2.41492
-1.553, 2.41181
-1.552, 2.4087
-1.551, 2.4056
-1.55, 2.4025
-1.549, 2.3994
-1.548, 2.3963
-1.547, 2.39321
-1.546, 2.39012
-1.545, 2.38703
-1.544, 2.38394
-1.543, 2.38085
-1.542, 2.37776
-1.541, 2.37468
-1.54, 2.3716
-1.539, 2.36852
-1.538, 2.36544
-1.537, 2.36237
-1.536, 2.3593
-1.535, 2.35623
-1.534, 2.35316
-1.533, 2.35009
-1.532, 2.34702
-1.531, 2.34396
-1.53, 2.3409
-1.529, 2.33784
-1.528, 2.33478
-1.527, 2.33173
-1.526, 2.32868
-1.525, 2.32563
-1.524, 2.32258
-1.523, 2.31953
-1.522, 2.31648
-1.521, 2.31344
-1.52, 2.3104
-1.519, 2.30736
-1.518, 2.30432
-1.517, 2.30129
-1.516, 2.29826
-1.515, 2.29523
-1.514, 2.2922
-1.513, 2.28917
-1.512, 2.28614
-1.511, 2.28312
-1.51, 2.2801
-1.509, 2.27708
-1.508, 2.27406
-1.507, 2.27105
-1.506, 2.26804
-1.505, 2.26503
-1.504, 2.26202
-1.503, 2.25901
-1.502, 2.256
-1.501, 2.253
-1.5, 2.25
-1.499, 2.247
-1.498, 2.244
-1.497, 2.24101
-1.496, 2.23802
-1.495, 2.23503
-1.494, 2.23204
-1.493, 2.22905
-1.492, 2.22606
-1.491, 2.22308
-1.49, 2.2201
-1.489, 2.21712
-1.488, 2.21414
-1.487, 2.21117
-1.486, 2.2082
-1.485, 2.20523
-1.484, 2.20226
-1.483, 2.19929
-1.482, 2.19632
-1.481, 2.19336
-1.48, 2.1904
-1.479, 2.18744
-1.478, 2.18448
-1.477, 2.18153
-1.476, 2.17858
-1.475, 2.17563
-1.474, 2.17268
-1.473, 2.16973
-1.472, 2.16678
-1.471, 2.16384
-1.47, 2.1609
-1.469, 2.15796
-1.468, 2.15502
-1.467, 2.15209
-1.466, 2.14916
-1.465, 2.14623
-1.464, 2.1433
-1.463, 2.14037
-1.462, 2.13744
-1.461, 2.13452
-1.46, 2.1316
-1.459, 2.12868
-1.458, 2.12576
-1.457, 2.12285
-1.456, 2.11994
-1.455, 2.11703
-1.454, 2.11412
-1.453, 2.11121
-1.452, 2.1083
-1.451, 2.1054
-1.45, 2.1025
-1.449, 2.0996
-1.448, 2.0967
-1.447, 2.09381
-1.446, 2.09092
-1.445, 2.08803
-1.444, 2.08514
-1.443, 2.08225
-1.442, 2.07936
-1.441, 2.07648
-1.44, 2.0736
-1.439, 2.07072
-1.438, 2.06784
-1.437, 2.06497
-1.436, 2.0621
-1.435, 2.05923
-1.434, 2.05636
-1.433, 2.05349
-1.432, 2.05062
-1.431, 2.04776
-1.43, 2.0449
-1.429, 2.04204
-1.428, 2.03918
-1.427, 2.03633
-1.426, 2.03348
-1.425, 2.03063
-1.424, 2.02778
-1.423, 2.02493
-1.422, 2.02208
-1.421, 2.01924
-1.42, 2.0164
-1.419, 2.01356
-1.418, 2.01072
-1.417, 2.00789
-1.416, 2.00506
-1.415, 2.00223
-1.414, 1.9994
-1.413, 1.99657
-1.412, 1.99374
-1.411, 1.99092
-1.41, 1.9881
-1.409, 1.98528
-1.408, 1.98246
-1.407, 1.97965
-1.406, 1.97684
-1.405, 1.97403
-1.404, 1.97122
-1.403, 1.96841
-1.402, 1.9656
-1.401, 1.9628
-1.4, 1.96
-1.399, 1.9572
-1.398, 1.9544
-1.397, 1.95161
-1.396, 1.94882
-1.395, 1.94603
-1.394, 1.94324
-1.393, 1.94045
-1.392, 1.93766
-1.391, 1.93488
-1.39, 1.9321
-1.389, 1.92932
-1.388, 1.92654
-1.387, 1.92377
-1.386, 1.921
-1.385, 1.91823
-1.384, 1.91546
-1.383, 1.91269
-1.382, 1.90992
-1.381, 1.90716
-1.38, 1.9044
-1.379, 1.90164
-1.378, 1.89888
-1.377, 1.89613
-1.376, 1.89338
-1.375, 1.89063
-1.374, 1.88788
-1.373, 1.88513
-1.372, 1.88238
-1.371, 1.87964
-1.37, 1.8769
-1.369, 1.87416
-1.368, 1.87142
-1.367, 1.86869
-1.366, 1.86596
-1.365, 1.86323
-1.364, 1.8605
-1.363, 1.85777
-1.362, 1.85504
-1.361, 1.85232
-1.36, 1.8496
-1.359, 1.84688
-1.358, 1.84416
-1.357, 1.84145
-1.356, 1.83874
-1.355, 1.83603
-1.354, 1.83332
-1.353, 1.83061
-1.352, 1.8279
-1.351, 1.8252
-1.35, 1.8225
-1.349, 1.8198
-1.348, 1.8171
-1.347, 1.81441
-1.346, 1.81172
-1.345, 1.80903
-1.344, 1.80634
-1.343, 1.80365
-1.342, 1.80096
-1.341, 1.79828
-1.34, 1.7956
-1.339, 1.79292
-1.338, 1.79024
-1.337, 1.78757
-1.336, 1.7849
-1.335, 1.78223
-1.334, 1.77956
-1.333, 1.77689
-1.332, 1.77422
-1.331, 1.77156
-1.33, 1.7689
-1.329, 1.76624
-1.328, 1.76358
-1.327, 1.76093
-1.326, 1.75828
-1.325, 1.75563
-1.324, 1.75298
-1.323, 1.75033
-1.322, 1.74768
-1.321, 1.74504
-1.32, 1.7424
-1.319, 1.73976
-1.318, 1.73712
-1.317, 1.73449
-1.316, 1.73186
-1.315, 1.72923
-1.314, 1.7266
-1.313, 1.72397
-1.312, 1.72134
-1.311, 1.71872
-1.31, 1.7161
-1.309, 1.71348
-1.308, 1.71086
-1.307, 1.70825
-1.306, 1.70564
-1.305, 1.70303
-1.304, 1.70042
-1.303, 1.69781
-1.302, 1.6952
-1.301, 1.6926
-1.3, 1.69
-1.299, 1.6874
-1.298, 1.6848
-1.297, 1.68221
-1.296, 1.67962
-1.295, 1.67703
-1.294, 1.67444
-1.293, 1.67185
-1.292, 1.66926
-1.291, 1.66668
-1.29, 1.6641
-1.289, 1.66152
-1.288, 1.65894
-1.287, 1.65637
-1.286, 1.6538
-1.285, 1.65123
-1.284, 1.64866
-1.283, 1.64609
-1.282, 1.64352
-1.281, 1.64096
-1.28, 1.6384
-1.279, 1.63584
-1.278, 1.63328
-1.277, 1.63073
-1.276, 1.62818
-1.275, 1.62563
-1.274, 1.62308
-1.273, 1.62053
-1.272, 1.61798
-1.271, 1.61544
-1.27, 1.6129
-1.269, 1.61036
-1.268, 1.60782
-1.267, 1.60529
-1.266, 1.60276
-1.265, 1.60023
-1.264, 1.5977
-1.263, 1.59517
-1.262, 1.59264
-1.261, 1.59012
-1.26, 1.5876
-1.259, 1.58508
-1.258, 1.58256
-1.257, 1.58005
-1.256, 1.57754
-1.255, 1.57503
-1.254, 1.57252
-1.253, 1.57001
-1.252, 1.5675
-1.251, 1.565
-1.25, 1.5625
-1.249, 1.56
-1.248, 1.5575
-1.247, 1.55501
-1.246, 1.55252
-1.245, 1.55003
-1.244, 1.54754
-1.243, 1.54505
-1.242, 1.54256
-1.241, 1.54008
-1.24, 1.5376
-1.239, 1.53512
-1.238, 1.53264
-1.237, 1.53017
-1.236, 1.5277
-1.235, 1.52523
-1.234, 1.52276
-1.233, 1.52029
-1.232, 1.51782
-1.231, 1.51536
-1.23, 1.5129
-1.229, 1.51044
-1.228, 1.50798
-1.227, 1.50553
-1.226, 1.50308
-1.225, 1.50063
-1.224, 1.49818
-1.223, 1.49573
-1.222, 1.49328
-1.221, 1.49084
-1.22, 1.4884
-1.219, 1.48596
-1.218, 1.48352
-1.217, 1.48109
-1.216, 1.47866
-1.215, 1.47623
-1.214, 1.4738
-1.213, 1.47137
-1.212, 1.46894
-1.211, 1.46652
-1.21, 1.4641
-1.209, 1.46168
-1.208, 1.45926
-1.207, 1.45685
-1.206, 1.45444
-1.205, 1.45203
-1.204, 1.44962
-1.203, 1.44721
-1.202, 1.4448
-1.201, 1.4424
-1.2, 1.44
-1.199, 1.4376
-1.198, 1.4352
-1.197, 1.43281
-1.196, 1.43042
-1.195, 1.42803
-1.194, 1.42564
-1.193, 1.42325
-1.192, 1.42086
-1.191, 1.41848
-1.19, 1.4161
-1.189, 1.41372
-1.188, 1.41134
-1.187, 1.40897
-1.186, 1.4066
-1.185, 1.40423
-1.184, 1.40186
-1.183, 1.39949
-1.182, 1.39712
-1.181, 1.39476
-1.18, 1.3924
-1.179, 1.39004
-1.178, 1.38768
-1.177, 1.38533
-1.176, 1.38298
-1.175, 1.38063
-1.174, 1.37828
-1.173, 1.37593
-1.172, 1.37358
-1.171, 1.37124
-1.17, 1.3689
-1.169, 1.36656
-1.168, 1.36422
-1.167, 1.36189
-1.166, 1.35956
-1.165, 1.35723
-1.164, 1.3549
-1.163, 1.35257
-1.162, 1.35024
-1.161, 1.34792
-1.16, 1.3456
-1.159, 1.34328
-1.158, 1.34096
-1.157, 1.33865
-1.156, 1.33634
-1.155, 1.33403
-1.154, 1.33172
-1.153, 1.32941
-1.152, 1.3271
-1.151, 1.3248
-1.15, 1.3225
-1.149, 1.3202
-1.148, 1.3179
-1.147, 1.31561
-1.146, 1.31332
-1.145, 1.31103
-1.144, 1.30874
-1.143, 1.30645
-1.142, 1.30416
-1.141, 1.30188
-1.14, 1.2996
-1.139, 1.29732
-1.138, 1.29504
-1.137, 1.29277
-1.136, 1.2905
-1.135, 1.28823
-1.134, 1.28596
-1.133, 1.28369
-1.132, 1.28142
-1.131, 1.27916
-1.13, 1.2769
-1.129, 1.27464
-1.128, 1.27238
-1.127, 1.27013
-1.126, 1.26788
-1.125, 1.26563
-1.124, 1.26338
-1.123, 1.26113
-1.122, 1.25888
-1.121, 1.25664
-1.12, 1.2544
-1.119, 1.25216
-1.118, 1.24992
-1.117, 1.24769
-1.116, 1.24546
-1.115, 1.24323
-1.114, 1.241
-1.113, 1.23877
-1.112, 1.23654
-1.111, 1.23432
-1.11, 1.2321
-1.109, 1.22988
-1.108, 1.22766
-1.107, 1.22545
-1.106, 1.22324
-1.105, 1.22103
-1.104, 1.21882
-1.103, 1.21661
-1.102, 1.2144
-1.101, 1.2122
-1.1, 1.21
-1.099, 1.2078
-1.098, 1.2056
-1.097, 1.20341
-1.096, 1.20122
-1.095, 1.19903
-1.094, 1.19684
-1.093, 1.19465
-1.092, 1.19246
-1.091, 1.19028
-1.09, 1.1881
-1.089, 1.18592
-1.088, 1.18374
-1.087, 1.18157
-1.086, 1.1794
-1.085, 1.17723
-1.084, 1.17506
-1.083, 1.17289
-1.082, 1.17072
-1.081, 1.16856
-1.08, 1.1664
-1.079, 1.16424
-1.078, 1.16208
-1.077, 1.15993
-1.076, 1.15778
-1.075, 1.15563
-1.074, 1.15348
-1.073, 1.15133
-1.072, 1.14918
-1.071, 1.14704
-1.07, 1.1449
-1.069, 1.14276
-1.068, 1.14062
-1.067, 1.13849
-1.066, 1.13636
-1.065, 1.13423
-1.064, 1.1321
-1.063, 1.12997
-1.062, 1.12784
-1.061, 1.12572
-1.06, 1.1236
-1.059, 1.12148
-1.058, 1.11936
-1.057, 1.11725
-1.056, 1.11514
-1.055, 1.11303
-1.054, 1.11092
-1.053, 1.10881
-1.052, 1.1067
-1.051, 1.1046
-1.05, 1.1025
-1.049, 1.1004
-1.048, 1.0983
-1.047, 1.09621
-1.046, 1.09412
-1.045, 1.09203
-1.044, 1.08994
-1.043, 1.08785
-1.042, 1.08576
-1.041, 1.08368
-1.04, 1.0816
-1.039, 1.07952
-1.038, 1.07744
-1.037, 1.07537
-1.036, 1.0733
-1.035, 1.07123
-1.034, 1.06916
-1.033, 1.06709
-1.032, 1.06502
-1.031, 1.06296
-1.03, 1.0609
-1.029, 1.05884
-1.028, 1.05678
-1.027, 1.05473
-1.026, 1.05268
-1.025, 1.05063
-1.024, 1.04858
-1.023, 1.04653
-1.022, 1.04448
-1.021, 1.04244
-1.02, 1.0404
-1.019, 1.03836
-1.018, 1.03632
-1.017, 1.03429
-1.016, 1.03226
-1.015, 1.03023
-1.014, 1.0282
-1.013, 1.02617
-1.012, 1.02414
-1.011, 1.02212
-1.01, 1.0201
-1.009, 1.01808
-1.008, 1.01606
-1.007, 1.01405
-1.006, 1.01204
-1.005, 1.01003
-1.004, 1.00802
-1.003, 1.00601
-1.002, 1.004
-1.001, 1.002
-1, 1
-0.999, 0.998001
-0.998, 0.996004
-0.997, 0.994009
-0.996, 0.992016
-0.995, 0.990025
-0.994, 0.988036
-0.993, 0.986049
-0.992, 0.984064
-0.991, 0.982081
-0.99, 0.9801
-0.989, 0.978121
-0.988, 0.976144
-0.987, 0.974169
-0.986, 0.972196
-0.985, 0.970225
-0.984, 0.968256
-0.983, 0.966289
-0.982, 0.964324
-0.981, 0.962361
-0.98, 0.9604
-0.979, 0.958441
-0.978, 0.956484
-0.977, 0.954529
-0.976, 0.952576
-0.975, 0.950625
-0.974, 0.948676
-0.973, 0.946729
-0.972, 0.944784
-0.971, 0.942841
-0.97, 0.9409
-0.969, 0.938961
-0.968, 0.937024
-0.967, 0.935089
-0.966, 0.933156
-0.965, 0.931225
-0.964, 0.929296
-0.963, 0.927369
-0.962, 0.925444
-0.961, 0.923521
-0.96, 0.9216
-0.959, 0.919681
-0.958, 0.917764
-0.957, 0.915849
-0.956, 0.913936
-0.955, 0.912025
-0.954, 0.910116
-0.953, 0.908209
-0.952, 0.906304
-0.951, 0.904401
-0.95, 0.9025
-0.949, 0.900601
-0.948, 0.898704
-0.947, 0.896809
-0.946, 0.894916
-0.945, 0.893025
-0.944, 0.891136
-0.943, 0.889249
-0.942, 0.887364
-0.941, 0.885481
-0.94, 0.8836
-0.939, 0.881721
-0.938, 0.879844
-0.937, 0.877969
-0.936, 0.876096
-0.935, 0.874225
-0.934, 0.872356
-0.933, 0.870489
-0.932, 0.868624
-0.931, 0.866761
-0.93, 0.8649
-0.929, 0.863041
-0.928, 0.861184
-0.927, 0.859329
-0.926, 0.857476
-0.925, 0.855625
-0.924, 0.853776
-0.923, 0.851929
-0.922, 0.850084
-0.921, 0.848241
-0.92, 0.8464
-0.919, 0.844561
-0.918, 0.842724
-0.917, 0.840889
-0.916, 0.839056
-0.915, 0.837225
-0.914, 0.835396
-0.913, 0.833569
-0.912, 0.831744
-0.911, 0.829921
-0.91, 0.8281
-0.909, 0.826281
-0.908, 0.824464
-0.907, 0.822649
-0.906, 0.820836
-0.905, 0.819025
-0.904, 0.817216
-0.903, 0.815409
-0.902, 0.813604
-0.901, 0.811801
-0.9, 0.81
-0.899, 0.808201
-0.898, 0.806404
-0.897, 0.804609
-0.896, 0.802816
-0.895, 0.801025
-0.894, 0.799236
-0.893, 0.797449
-0.892, 0.795664
-0.891, 0.793881
-0.89, 0.7921
-0.889, 0.790321
-0.888, 0.788544
-0.887, 0.786769
-0.886, 0.784996
-0.885, 0.783225
-0.884, 0.781456
-0.883, 0.779689
-0.882, 0.777924
-0.881, 0.776161
-0.88, 0.7744
-0.879, 0.772641
-0.878, 0.770884
-0.877, 0.769129
-0.876, 0.767376
-0.875, 0.765625
-0.874, 0.763876
-0.873, 0.762129
-0.872, 0.760384
-0.871, 0.758641
-0.87, 0.7569
-0.869, 0.755161
-0.868, 0.753424
-0.867, 0.751689
-0.866, 0.749956
-0.865, 0.748225
-0.864, 0.746496
-0.863, 0.744769
-0.862, 0.743044
-0.861, 0.741321
-0.86, 0.7396
-0.859, 0.737881
-0.858, 0.736164
-0.857, 0.734449
-0.856, 0.732736
-0.855, 0.731025
-0.854, 0.729316
-0.853, 0.727609
-0.852, 0.725904
-0.851, 0.724201
-0.85, 0.7225
-0.849, 0.720801
-0.848, 0.719104
-0.847, 0.717409
-0.846, 0.715716
-0.845, 0.714025
-0.844, 0.712336
-0.843, 0.710649
-0.842, 0.708964
-0.841, 0.707281
-0.84, 0.7056
-0.839, 0.703921
-0.838, 0.702244
-0.837, 0.700569
-0.836, 0.698896
-0.835, 0.697225
-0.834, 0.695556
-0.833, 0.693889
-0.832, 0.692224
-0.831, 0.690561
-0.83, 0.6889
-0.829, 0.687241
-0.828, 0.685584
-0.827, 0.683929
-0.826, 0.682276
-0.825, 0.680625
-0.824, 0.678976
-0.823, 0.677329
-0.822, 0.675684
-0.821, 0.674041
-0.82, 0.6724
-0.819, 0.670761
-0.818, 0.669124
-0.817, 0.667489
-0.816, 0.665856
-0.815, 0.664225
-0.814, 0.662596
-0.813, 0.660969
-0.812, 0.659344
-0.811, 0.657721
-0.81, 0.6561
-0.809, 0.654481
-0.808, 0.652864
-0.807, 0.651249
-0.806, 0.649636
-0.805, 0.648025
-0.804, 0.646416
-0.803, 0.644809
-0.802, 0.643204
-0.801, 0.641601
-0.8, 0.64
-0.799, 0.638401
-0.798, 0.636804
-0.797, 0.635209
-0.796, 0.633616
-0.795, 0.632025
-0.794, 0.630436
-0.793, 0.628849
-0.792, 0.627264
-0.791, 0.625681
-0.79, 0.6241
-0.789, 0.622521
-0.788, 0.620944
-0.787, 0.619369
-0.786, 0.617796
-0.785, 0.616225
-0.784, 0.614656
-0.783, 0.613089
-0.782, 0.611524
-0.781, 0.609961
-0.78, 0.6084
-0.779, 0.606841
-0.778, 0.605284
-0.777, 0.603729
-0.776, 0.602176
-0.775, 0.600625
-0.774, 0.599076
-0.773, 0.597529
-0.772, 0.595984
-0.771, 0.594441
-0.77, 0.5929
-0.769, 0.591361
-0.768, 0.589824
-0.767, 0.588289
-0.766, 0.586756
-0.765, 0.585225
-0.764, 0.583696
-0.763, 0.582169
-0.762, 0.580644
-0.761, 0.579121
-0.76, 0.5776
-0.759, 0.576081
-0.758, 0.574564
-0.757, 0.573049
-0.756, 0.571536
-0.755, 0.570025
-0.754, 0.568516
-0.753, 0.567009
-0.752, 0.565504
-0.751, 0.564001
-0.75, 0.5625
-0.749, 0.561001
-0.748, 0.559504
-0.747, 0.558009
-0.746, 0.556516
-0.745, 0.555025
-0.744, 0.553536
-0.743, 0.552049
-0.742, 0.550564
-0.741, 0.549081
-0.74, 0.5476
-0.739, 0.546121
-0.738, 0.544644
-0.737, 0.543169
-0.736, 0.541696
-0.735, 0.540225
-0.734, 0.538756
-0.733, 0.537289
-0.732, 0.535824
-0.731, 0.534361
-0.73, 0.5329
-0.729, 0.531441
-0.728, 0.529984
-0.727, 0.528529
-0.726, 0.527076
-0.725, 0.525625
-0.724, 0.524176
-0.723, 0.522729
-0.722, 0.521284
-0.721, 0.519841
-0.72, 0.5184
-0.719, 0.516961
-0.718, 0.515524
-0.717, 0.514089
-0.716, 0.512656
-0.715, 0.511225
-0.714, 0.509796
-0.713, 0.508369
-0.712, 0.506944
-0.711, 0.505521
-0.71, 0.5041
-0.709, 0.502681
-0.708, 0.501264
-0.707, 0.499849
-0.706, 0.498436
-0.705, 0.497025
-0.704, 0.495616
-0.703, 0.494209
-0.702, 0.492804
-0.701, 0.491401
-0.7, 0.49
-0.699, 0.488601
-0.698, 0.487204
-0.697, 0.485809
-0.696, 0.484416
-0.695, 0.483025
-0.694, 0.481636
-0.693, 0.480249
-0.692, 0.478864
-0.691, 0.477481
-0.69, 0.4761
-0.689, 0.474721
-0.688, 0.473344
-0.687, 0.471969
-0.686, 0.470596
-0.685, 0.469225
-0.684, 0.467856
-0.683, 0.466489
-0.682, 0.465124
-0.681, 0.463761
-0.68, 0.4624
-0.679, 0.461041
-0.678, 0.459684
-0.677, 0.458329
-0.676, 0.456976
-0.675, 0.455625
-0.674, 0.454276
-0.673, 0.452929
-0.672, 0.451584
-0.671, 0.450241
-0.67, 0.4489
-0.669, 0.447561
-0.668, 0.446224
-0.667, 0.444889
-0.666, 0.443556
-0.665, 0.442225
-0.664, 0.440896
-0.663, 0.439569
-0.662, 0.438244
-0.661, 0.436921
-0.66, 0.4356
-0.659, 0.434281
-0.658, 0.432964
-0.657, 0.431649
-0.656, 0.430336
-0.655, 0.429025
-0.654, 0.427716
-0.653, 0.426409
-0.652, 0.425104
-0.651, 0.423801
-0.65, 0.4225
-0.649, 0.421201
-0.648, 0.419904
-0.647, 0.418609
-0.646, 0.417316
-0.645, 0.416025
-0.644, 0.414736
-0.643, 0.413449
-0.642, 0.412164
-0.641, 0.410881
-0.64, 0.4096
-0.639, 0.408321
-0.638, 0.407044
-0.637, 0.405769
-0.636, 0.404496
-0.635, 0.403225
-0.634, 0.401956
-0.633, 0.400689
-0.632, 0.399424
-0.631, 0.398161
-0.63, 0.3969
-0.629, 0.395641
-0.628, 0.394384
-0.627, 0.393129
-0.626, 0.391876
-0.625, 0.390625
-0.624, 0.389376
-0.623, 0.388129
-0.622, 0.386884
-0.621, 0.385641
-0.62, 0.3844
-0.619, 0.383161
-0.618, 0.381924
-0.617, 0.380689
-0.616, 0.379456
-0.615, 0.378225
-0.614, 0.376996
-0.613, 0.375769
-0.612, 0.374544
-0.611, 0.373321
-0.61, 0.3721
-0.609, 0.370881
-0.608, 0.369664
-0.607, 0.368449
-0.606, 0.367236
-0.605, 0.366025
-0.604, 0.364816
-0.603, 0.363609
-0.602, 0.362404
-0.601, 0.361201
-0.6, 0.36
-0.599, 0.358801
-0.598, 0.357604
-0.597, 0.356409
-0.596, 0.355216
-0.595, 0.354025
-0.594, 0.352836
-0.593, 0.351649
-0.592, 0.350464
-0.591, 0.349281
-0.59, 0.3481
-0.589, 0.346921
-0.588, 0.345744
-0.587, 0.344569
-0.586, 0.343396
-0.585, 0.342225
-0.584, 0.341056
-0.583, 0.339889
-0.582, 0.338724
-0.581, 0.337561
-0.58, 0.3364
-0.579, 0.335241
-0.578, 0.334084
-0.577, 0.332929
-0.576, 0.331776
-0.575, 0.330625
-0.574, 0.329476
-0.573, 0.328329
-0.572, 0.327184
-0.571, 0.326041
-0.57, 0.3249
-0.569, 0.323761
-0.568, 0.322624
-0.567, 0.321489
-0.566, 0.320356
-0.565, 0.319225
-0.564, 0.318096
-0.563, 0.316969
-0.562, 0.315844
-0.561, 0.314721
-0.56, 0.3136
-0.559, 0.312481
-0.558, 0.311364
-0.557, 0.310249
-0.556, 0.309136
-0.555, 0.308025
-0.554, 0.306916
-0.553, 0.305809
-0.552, 0.304704
-0.551, 0.303601
-0.55, 0.3025
-0.549, 0.301401
-0.548, 0.300304
-0.547, 0.299209
-0.546, 0.298116
-0.545, 0.297025
-0.544, 0.295936
-0.543, 0.294849
-0.542, 0.293764
-0.541, 0.292681
-0.54, 0.2916
-0.539, 0.290521
-0.538, 0.289444
-0.537, 0.288369
-0.536, 0.287296
-0.535, 0.286225
-0.534, 0.285156
-0.533, 0.284089
-0.532, 0.283024
-0.531, 0.281961
-0.53, 0.2809
-0.529, 0.279841
-0.528, 0.278784
-0.527, 0.277729
-0.526, 0.276676
-0.525, 0.275625
-0.524, 0.274576
-0.523, 0.273529
-0.522, 0.272484
-0.521, 0.271441
-0.52, 0.2704
-0.519, 0.269361
-0.518, 0.268324
-0.517, 0.267289
-0.516, 0.266256
-0.515, 0.265225
-0.514, 0.264196
-0.513, 0.263169
-0.512, 0.262144
-0.511, 0.261121
-0.51, 0.2601
-0.509, 0.259081
-0.508, 0.258064
-0.507, 0.257049
-0.506, 0.256036
-0.505, 0.255025
-0.504, 0.254016
-0.503, 0.253009
-0.502, 0.252004
-0.501, 0.251001
-0.5, 0.25
-0.499, 0.249001
-0.498, 0.248004
-0.497, 0.247009
-0.496, 0.246016
-0.495, 0.245025
-0.494, 0.244036
-0.493, 0.243049
-0.492, 0.242064
-0.491, 0.241081
-0.49, 0.2401
-0.489, 0.239121
-0.488, 0.238144
-0.487, 0.237169
-0.486, 0.236196
-0.485, 0.235225
-0.484, 0.234256
-0.483, 0.233289
-0.482, 0.232324
-0.481, 0.231361
-0.48, 0.2304
-0.479, 0.229441
-0.478, 0.228484
-0.477, 0.227529
-0.476, 0.226576
-0.475, 0.225625
-0.474, 0.224676
-0.473, 0.223729
-0.472, 0.222784
-0.471, 0.221841
-0.47, 0.2209
-0.469, 0.219961
-0.468, 0.219024
-0.467, 0.218089
-0.466, 0.217156
-0.465, 0.216225
-0.464, 0.215296
-0.463, 0.214369
-0.462, 0.213444
-0.461, 0.212521
-0.46, 0.2116
-0.459, 0.210681
-0.458, 0.209764
-0.457, 0.208849
-0.456, 0.207936
-0.455, 0.207025
-0.454, 0.206116
-0.453, 0.205209
-0.452, 0.204304
-0.451, 0.203401
-0.45, 0.2025
-0.449, 0.201601
-0.448, 0.200704
-0.447, 0.199809
-0.446, 0.198916
-0.445, 0.198025
-0.444, 0.197136
-0.443, 0.196249
-0.442, 0.195364
-0.441, 0.194481
-0.44, 0.1936
-0.439, 0.192721
-0.438, 0.191844
-0.437, 0.190969
-0.436, 0.190096
-0.435, 0.189225
-0.434, 0.188356
-0.433, 0.187489
-0.432, 0.186624
-0.431, 0.185761
-0.43, 0.1849
-0.429, 0.184041
-0.428, 0.183184
-0.427, 0.182329
-0.426, 0.181476
-0.425, 0.180625
-0.424, 0.179776
-0.423, 0.178929
-0.422, 0.178084
-0.421, 0.177241
-0.42, 0.1764
-0.419, 0.175561
-0.418, 0.174724
-0.417, 0.173889
-0.416, 0.173056
-0.415, 0.172225
-0.414, 0.171396
-0.413, 0.170569
-0.412, 0.169744
-0.411, 0.168921
-0.41, 0.1681
-0.409, 0.167281
-0.408, 0.166464
-0.407, 0.165649
-0.406, 0.164836
-0.405, 0.164025
-0.404, 0.163216
-0.403, 0.162409
-0.402, 0.161604
-0.401, 0.160801
-0.4, 0.16
-0.399, 0.159201
-0.398, 0.158404
-0.397, 0.157609
-0.396, 0.156816
-0.395, 0.156025
-0.394, 0.155236
-0.393, 0.154449
-0.392, 0.153664
-0.391, 0.152881
-0.39, 0.1521
-0.389, 0.151321
-0.388, 0.150544
-0.387, 0.149769
-0.386, 0.148996
-0.385, 0.148225
-0.384, 0.147456
-0.383, 0.146689
-0.382, 0.145924
-0.381, 0.145161
-0.38, 0.1444
-0.379, 0.143641
-0.378, 0.142884
-0.377, 0.142129
-0.376, 0.141376
-0.375, 0.140625
-0.374, 0.139876
-0.373, 0.139129
-0.372, 0.138384
-0.371, 0.137641
-0.37, 0.1369
-0.369, 0.136161
-0.368, 0.135424
-0.367, 0.134689
-0.366, 0.133956
-0.365, 0.133225
-0.364, 0.132496
-0.363, 0.131769
-0.362, 0.131044
-0.361, 0.130321
-0.36, 0.1296
-0.359, 0.128881
-0.358, 0.128164
-0.357, 0.127449
-0.356, 0.126736
-0.355, 0.126025
-0.354, 0.125316
-0.353, 0.124609
-0.352, 0.123904
-0.351, 0.123201
-0.35, 0.1225
-0.349, 0.121801
-0.348, 0.121104
-0.347, 0.120409
-0.346, 0.119716
-0.345, 0.119025
-0.344, 0.118336
-0.343, 0.117649
-0.342, 0.116964
-0.341, 0.116281
-0.34, 0.1156
-0.339, 0.114921
-0.338, 0.114244
-0.337, 0.113569
-0.336, 0.112896
-0.335, 0.112225
-0.334, 0.111556
-0.333, 0.110889
-0.332, 0.110224
-0.331, 0.109561
-0.33, 0.1089
-0.329, 0.108241
-0.328, 0.107584
-0.327, 0.106929
-0.326, 0.106276
-0.325, 0.105625
-0.324, 0.104976
-0.323, 0.104329
-0.322, 0.103684
-0.321, 0.103041
-0.32, 0.1024
-0.319, 0.101761
-0.318, 0.101124
-0.317, 0.100489
-0.316, 0.099856
-0.315, 0.099225
-0.314, 0.098596
-0.313, 0.097969
-0.312, 0.097344
-0.311, 0.096721
-0.31, 0.0961
-0.309, 0.095481
-0.308, 0.094864
-0.307, 0.094249
-0.306, 0.093636
-0.305, 0.093025
-0.304, 0.092416
-0.303, 0.091809
-0.302, 0.091204
-0.301, 0.090601
-0.3, 0.09
-0.299, 0.089401
-0.298, 0.088804
-0.297, 0.088209
-0.296, 0.087616
-0.295, 0.087025
-0.294, 0.086436
-0.293, 0.085849
-0.292, 0.085264
-0.291, 0.084681
-0.29, 0.0841
-0.289, 0.083521
-0.288, 0.082944
-0.287, 0.082369
-0.286, 0.081796
-0.285, 0.081225
-0.284, 0.080656
-0.283, 0.080089
-0.282, 0.079524
-0.281, 0.078961
-0.28, 0.0784
-0.279, 0.077841
-0.278, 0.077284
-0.277, 0.076729
-0.276, 0.076176
-0.275, 0.075625
-0.274, 0.075076
-0.273, 0.074529
-0.272, 0.073984
-0.271, 0.073441
-0.27, 0.0729
-0.269, 0.072361
-0.268, 0.071824
-0.267, 0.071289
-0.266, 0.070756
-0.265, 0.070225
-0.264, 0.069696
-0.263, 0.069169
-0.262, 0.068644
-0.261, 0.068121
-0.26, 0.0676
-0.259, 0.067081
-0.258, 0.066564
-0.257, 0.066049
-0.256, 0.065536
-0.255, 0.065025
-0.254, 0.064516
-0.253, 0.064009
-0.252, 0.063504
-0.251, 0.063001
-0.25, 0.0625
-0.249, 0.062001
-0.248, 0.061504
-0.247, 0.061009
-0.246, 0.060516
-0.245, 0.060025
-0.244, 0.059536
-0.243, 0.059049
-0.242, 0.058564
-0.241, 0.058081
-0.24, 0.0576
-0.239, 0.057121
-0.238, 0.056644
-0.237, 0.056169
-0.236, 0.055696
-0.235, 0.055225
-0.234, 0.054756
-0.233, 0.054289
-0.232, 0.053824
-0.231, 0.053361
-0.23, 0.0529
-0.229, 0.052441
-0.228, 0.051984
-0.227, 0.051529
-0.226, 0.051076
-0.225, 0.050625
-0.224, 0.050176
-0.223, 0.049729
-0.222, 0.049284
-0.221, 0.048841
-0.22, 0.0484
-0.219, 0.047961
-0.218, 0.047524
-0.217, 0.047089
-0.216, 0.046656
-0.215, 0.046225
-0.214, 0.045796
-0.213, 0.045369
-0.212, 0.044944
-0.211, 0.044521
-0.21, 0.0441
-0.209, 0.043681
-0.208, 0.043264
-0.207, 0.042849
-0.206, 0.042436
-0.205, 0.042025
-0.204, 0.041616
-0.203, 0.041209
-0.202, 0.040804
-0.201, 0.040401
-0.2, 0.04
-0.199, 0.039601
-0.198, 0.039204
-0.197, 0.038809
-0.196, 0.038416
-0.195, 0.038025
-0.194, 0.037636
-0.193, 0.037249
-0.192, 0.036864
-0.191, 0.036481
-0.19, 0.0361
-0.189, 0.035721
-0.188, 0.035344
-0.187, 0.034969
-0.186, 0.034596
-0.185, 0.034225
-0.184, 0.033856
-0.183, 0.033489
-0.182, 0.033124
-0.181, 0.032761
-0.18, 0.0324
-0.179, 0.032041
-0.178, 0.031684
-0.177, 0.031329
-0.176, 0.030976
-0.175, 0.030625
-0.174, 0.030276
-0.173, 0.029929
-0.172, 0.029584
-0.171, 0.029241
-0.17, 0.0289
-0.169, 0.028561
-0.168, 0.028224
-0.167, 0.027889
-0.166, 0.027556
-0.165, 0.027225
-0.164, 0.026896
-0.163, 0.026569
-0.162, 0.026244
-0.161, 0.025921
-0.16, 0.0256
-0.159, 0.025281
-0.158, 0.024964
-0.157, 0.024649
-0.156, 0.024336
-0.155, 0.024025
-0.154, 0.023716
-0.153, 0.023409
-0.152, 0.023104
-0.151, 0.022801
-0.15, 0.0225
-0.149, 0.022201
-0.148, 0.021904
-0.147, 0.021609
-0.146, 0.021316
-0.145, 0.021025
-0.144, 0.020736
-0.143, 0.020449
-0.142, 0.020164
-0.141, 0.019881
-0.14, 0.0196
-0.139, 0.019321
-0.138, 0.019044
-0.137, 0.018769
-0.136, 0.018496
-0.135, 0.018225
-0.134, 0.017956
-0.133, 0.017689
-0.132, 0.017424
-0.131, 0.017161
-0.13, 0.0169
-0.129, 0.016641
-0.128, 0.016384
-0.127, 0.016129
-0.126, 0.015876
-0.125, 0.015625
-0.124, 0.015376
-0.123, 0.015129
-0.122, 0.014884
-0.121, 0.014641
-0.12, 0.0144
-0.119, 0.014161
-0.118, 0.013924
-0.117, 0.013689
-0.116, 0.013456
-0.115, 0.013225
-0.114, 0.012996
-0.113, 0.012769
-0.112, 0.012544
-0.111, 0.012321
-0.11, 0.0121
-0.109, 0.011881
-0.108, 0.011664
-0.107, 0.011449
-0.106, 0.011236
-0.105, 0.011025
-0.104, 0.010816
-0.103, 0.010609
-0.102, 0.010404
-0.101, 0.010201
-0.1, 0.01
-0.099, 0.009801
-0.098, 0.009604
-0.097, 0.009409
-0.096, 0.009216
-0.095, 0.009025
-0.094, 0.008836
-0.093, 0.008649
-0.092, 0.008464
-0.091, 0.008281
-0.09, 0.0081
-0.089, 0.007921
-0.088, 0.007744
-0.087, 0.007569
-0.086, 0.007396
-0.085, 0.007225
-0.084, 0.007056
-0.083, 0.006889
-0.082, 0.006724
-0.081, 0.006561
-0.08, 0.0064
-0.079, 0.006241
-0.078, 0.006084
-0.077, 0.005929
-0.076, 0.005776
-0.075, 0.005625
-0.074, 0.005476
-0.073, 0.005329
-0.072, 0.005184
-0.071, 0.005041
-0.07, 0.0049
-0.069, 0.004761
-0.068, 0.004624
-0.067, 0.004489
-0.066, 0.004356
-0.065, 0.004225
-0.064, 0.004096
-0.063, 0.003969
-0.062, 0.003844
-0.061, 0.003721
-0.06, 0.0036
-0.059, 0.003481
-0.058, 0.003364
-0.057, 0.003249
-0.056, 0.003136
-0.055, 0.003025
-0.054, 0.002916
-0.053, 0.002809
-0.052, 0.002704
-0.051, 0.002601
-0.05, 0.0025
-0.049, 0.002401
-0.048, 0.002304
-0.047, 0.002209
-0.046, 0.002116
-0.045, 0.002025
-0.044, 0.001936
-0.043, 0.001849
-0.042, 0.001764
-0.041, 0.001681
-0.04, 0.0016
-0.039, 0.001521
-0.038, 0.001444
-0.037, 0.001369
-0.036, 0.001296
-0.035, 0.001225
-0.034, 0.001156
-0.033, 0.001089
-0.032, 0.001024
-0.031, 0.000961
-0.03, 0.0009
-0.029, 0.000841
-0.028, 0.000784
-0.027, 0.000729
-0.026, 0.000676
-0.025, 0.000625
-0.024, 0.000576
-0.023, 0.000529
-0.022, 0.000484
-0.021, 0.000441
-0.02, 0.0004
-0.019, 0.000361
-0.018, 0.000324
-0.017, 0.000289
-0.016, 0.000256
-0.015, 0.000225
-0.014, 0.000196
-0.013, 0.000169
-0.012, 0.000144
-0.011, 0.000121
-0.01, 0.0001
-0.009, 8.1e-05
-0.008, 6.4e-05
-0.007, 4.9e-05
-0.006, 3.6e-05
-0.005, 2.5e-05
-0.004, 1.6e-05
-0.003, 9e-06
-0.002, 4e-06
-0.001, 1e-06
-1.09253e-13, 0
0.001, 1e-06
0.002, 4e-06
0.003, 9e-06
0.004, 1.6e-05
0.005, 2.5e-05
0.006, 3.6e-05
0.007, 4.9e-05
0.008, 6.4e-05
0.009, 8.1e-05
0.01, 0.0001
0.011, 0.000121
0.012, 0.000144
0.013, 0.000169
0.014, 0.000196
0.015, 0.000225
0.016, 0.000256
0.017, 0.000289
0.018, 0.000324
0.019, 0.000361
0.02, 0.0004
0.021, 0.000441
0.022, 0.000484
0.023, 0.000529
0.024, 0.000576
0.025, 0.000625
0.026, 0.000676
0.027, 0.000729
0.028, 0.000784
0.029, 0.000841
0.03, 0.0009
0.031, 0.000961
0.032, 0.001024
0.033, 0.001089
0.034, 0.001156
0.035, 0.001225
0.036, 0.001296
0.037, 0.001369
0.038, 0.001444
0.039, 0.001521
0.04, 0.0016
0.041, 0.001681
0.042, 0.001764
0.043, 0.001849
0.044, 0.001936
0.045, 0.002025
0.046, 0.002116
0.047, 0.002209
0.048, 0.002304
0.049, 0.002401
0.05, 0.0025
0.051, 0.002601
0.052, 0.002704
0.053, 0.002809
0.054, 0.002916
0.055, 0.003025
0.056, 0.003136
0.057, 0.003249
0.058, 0.003364
0.059, 0.003481
0.06, 0.0036
0.061, 0.003721
0.062, 0.003844
0.063, 0.003969
0.064, 0.004096
0.065, 0.004225
0.066, 0.004356
0.067, 0.004489
0.068, 0.004624
0.069, 0.004761
0.07, 0.0049
0.071, 0.005041
0.072, 0.005184
0.073, 0.005329
0.074, 0.005476
0.075, 0.005625
0.076, 0.005776
0.077, 0.005929
0.078, 0.006084
0.079, 0.006241
0.08, 0.0064
0.081, 0.006561
0.082, 0.006724
0.083, 0.006889
0.084, 0.007056
0.085, 0.007225
0.086, 0.007396
0.087, 0.007569
0.088, 0.007744
0.089, 0.007921
0.09, 0.0081
0.091, 0.008281
0.092, 0.008464
0.093, 0.008649
0.094, 0.008836
0.095, 0.009025
0.096, 0.009216
0.097, 0.009409
0.098, 0.009604
0.099, 0.009801
0.1, 0.01
0.101, 0.010201
0.102, 0.010404
0.103, 0.010609
0.104, 0.010816
0.105, 0.011025
0.106, 0.011236
0.107, 0.011449
0.108, 0.011664
0.109, 0.011881
0.11, 0.0121
0.111, 0.012321
0.112, 0.012544
0.113, 0.012769
0.114, 0.012996
0.115, 0.013225
0.116, 0.013456
0.117, 0.013689
0.118, 0.013924
0.119, 0.014161
0.12, 0.0144
0.121, 0.014641
0.122, 0.014884
0.123, 0.015129
0.124, 0.015376
0.125, 0.015625
0.126, 0.015876
0.127, 0.016129
0.128, 0.016384
0.129, 0.016641
0.13, 0.0169
0.131, 0.017161
0.132, 0.017424
0.133, 0.017689
0.134, 0.017956
0.135, 0.018225
0.136, 0.018496
0.137, 0.018769
0.138, 0.019044
0.139, 0.019321
0.14, 0.0196
0.141, 0.019881
0.142, 0.020164
0.143, 0.020449
0.144, 0.020736
0.145, 0.021025
0.146, 0.021316
0.147, 0.021609
0.148, 0.021904
0.149, 0.022201
0.15, 0.0225
0.151, 0.022801
0.152, 0.023104
0.153, 0.023409
0.154, 0.023716
0.155, 0.024025
0.156, 0.024336
0.157, 0.024649
0.158, 0.024964
0.159, 0.025281
0.16, 0.0256
0.161, 0.025921
0.162, 0.026244
0.163, 0.026569
0.164, 0.026896
0.165, 0.027225
0.166, 0.027556
0.167, 0.027889
0.168, 0.028224
0.169, 0.028561
0.17, 0.0289
0.171, 0.029241
0.172, 0.029584
0.173, 0.029929
0.174, 0.030276
0.175, 0.030625
0.176, 0.030976
0.177, 0.031329
0.178, 0.031684
0.179, 0.032041
0.18, 0.0324
0.181, 0.032761
0.182, 0.033124
0.183, 0.033489
0.184, 0.033856
0.185, 0.034225
0.186, 0.034596
0.187, 0.034969
0.188, 0.035344
0.189, 0.035721
0.19, 0.0361
0.191, 0.036481
0.192, 0.036864
0.193, 0.037249
0.194, 0.037636
0.195, 0.038025
0.196, 0.038416
0.197, 0.038809
0.198, 0.039204
0.199, 0.039601
0.2, 0.04
0.201, 0.040401
0.202, 0.040804
0.203, 0.041209
0.204, 0.041616
0.205, 0.042025
0.206, 0.042436
0.207, 0.042849
0.208, 0.043264
0.209, 0.043681
0.21, 0.0441
0.211, 0.044521
0.212, 0.044944
0.213, 0.045369
0.214, 0.045796
0.215, 0.046225
0.216, 0.046656
0.217, 0.047089
0.218, 0.047524
0.219, 0.047961
0.22, 0.0484
0.221, 0.048841
0.222, 0.049284
0.223, 0.049729
0.224, 0.050176
0.225, 0.050625
0.226, 0.051076
0.227, 0.051529
0.228, 0.051984
0.229, 0.052441
0.23, 0.0529
0.231, 0.053361
0.232, 0.053824
0.233, 0.054289
0.234, 0.054756
0.235, 0.055225
0.236, 0.055696
0.237, 0.056169
0.238, 0.056644
0.239, 0.057121
0.24, 0.0576
0.241, 0.058081
0.242, 0.058564
0.243, 0.059049
0.244, 0.059536
0.245, 0.060025
0.246, 0.060516
0.247, 0.061009
0.248, 0.061504
0.249, 0.062001
0.25, 0.0625
0.251, 0.063001
0.252, 0.063504
0.253, 0.064009
0.254, 0.064516
0.255, 0.065025
0.256, 0.065536
0.257, 0.066049
0.258, 0.066564
0.259, 0.067081
0.26, 0.0676
0.261, 0.068121
0.262, 0.068644
0.263, 0.069169
0.264, 0.069696
0.265, 0.070225
0.266, 0.070756
0.267, 0.071289
0.268, 0.071824
0.269, 0.072361
0.27, 0.0729
0.271, 0.073441
0.272, 0.073984
0.273, 0.074529
0.274, 0.075076
0.275, 0.075625
0.276, 0.076176
0.277, 0.076729
0.278, 0.077284
0.279, 0.077841
0.28, 0.0784
0.281, 0.078961
0.282, 0.079524
0.283, 0.080089
0.284, 0.080656
0.285, 0.081225
0.286, 0.081796
0.287, 0.082369
0.288, 0.082944
0.289, 0.083521
0.29, 0.0841
0.291, 0.084681
0.292, 0.085264
0.293, 0.085849
0.294, 0.086436
0.295, 0.087025
0.296, 0.087616
0.297, 0.088209
0.298, 0.088804
0.299, 0.089401
0.3, 0.09
0.301, 0.090601
0.302, 0.091204
0.303, 0.091809
0.304, 0.092416
0.305, 0.093025
0.306, 0.093636
0.307, 0.094249
0.308, 0.094864
0.309, 0.095481
0.31, 0.0961
0.311, 0.096721
0.312, 0.097344
0.313, 0.097969
0.314, 0.098596
0.315, 0.099225
0.316, 0.099856
0.317, 0.100489
0.318, 0.101124
0.319, 0.101761
0.32, 0.1024
0.321, 0.103041
0.322, 0.103684
0.323, 0.104329
0.324, 0.104976
0.325, 0.105625
0.326, 0.106276
0.327, 0.106929
0.328, 0.107584
0.329, 0.108241
0.33, 0.1089
0.331, 0.109561
0.332, 0.110224
0.333, 0.110889
0.334, 0.111556
0.335, 0.112225
0.336, 0.112896
0.337, 0.113569
0.338, 0.114244
0.339, 0.114921
0.34, 0.1156
0.341, 0.116281
0.342, 0.116964
0.343, 0.117649
0.344, 0.118336
0.345, 0.119025
0.346, 0.119716
0.347, 0.120409
0.348, 0.121104
0.349, 0.121801
0.35, 0.1225
0.351, 0.123201
0.352, 0.123904
0.353, 0.124609
0.354, 0.125316
0.355, 0.126025
0.356, 0.126736
0.357, 0.127449
0.358, 0.128164
0.359, 0.128881
0.36, 0.1296
0.361, 0.130321
0.362, 0.131044
0.363, 0.131769
0.364, 0.132496
0.365, 0.133225
0.366, 0.133956
0.367, 0.134689
0.368, 0.135424
0.369, 0.136161
0.37, 0.1369
0.371, 0.137641
0.372, 0.138384
0.373, 0.139129
0.374, 0.139876
0.375, 0.140625
0.376, 0.141376
0.377, 0.142129
0.378, 0.142884
0.379, 0.143641
0.38, 0.1444
0.381, 0.145161
0.382, 0.145924
0.383, 0.146689
0.384, 0.147456
0.385, 0.148225
0.386, 0.148996
0.387, 0.149769
0.388, 0.150544
0.389, 0.151321
0.39, 0.1521
0.391, 0.152881
0.392, 0.153664
0.393, 0.154449
0.394, 0.155236
0.395, 0.156025
0.396, 0.156816
0.397, 0.157609
0.398, 0.158404
0.399, 0.159201
0.4, 0.16
0.401, 0.160801
0.402, 0.161604
0.403, 0.162409
0.404, 0.163216
0.405, 0.164025
0.406, 0.164836
0.407, 0.165649
0.408, 0.166464
0.409, 0.167281
0.41, 0.1681
0.411, 0.168921
0.412, 0.169744
0.413, 0.170569
0.414, 0.171396
0.415, 0.172225
0.416, 0.173056
0.417, 0.173889
0.418, 0.174724
0.419, 0.175561
0.42, 0.1764
0.421, 0.177241
0.422, 0.178084
0.423, 0.178929
0.424, 0.179776
0.425, 0.180625
0.426, 0.181476
0.427, 0.182329
0.428, 0.183184
0.429, 0.184041
0.43, 0.1849
0.431, 0.185761
0.432, 0.186624
0.433, 0.187489
0.434, 0.188356
0.435, 0.189225
0.436, 0.190096
0.437, 0.190969
0.438, 0.191844
0.439, 0.192721
0.44, 0.1936
0.441, 0.194481
0.442, 0.195364
0.443, 0.196249
0.444, 0.197136
0.445, 0.198025
0.446, 0.198916
0.447, 0.199809
0.448, 0.200704
0.449, 0.201601
0.45, 0.2025
0.451, 0.203401
0.452, 0.204304
0.453, 0.205209
0.454, 0.206116
0.455, 0.207025
0.456, 0.207936
0.457, 0.208849
0.458, 0.209764
0.459, 0.210681
0.46, 0.2116
0.461, 0.212521
0.462, 0.213444
0.463, 0.214369
0.464, 0.215296
0.465, 0.216225
0.466, 0.217156
0.467, 0.218089
0.468, 0.219024
0.469, 0.219961
0.47, 0.2209
0.471, 0.221841
0.472, 0.222784
0.473, 0.223729
0.474, 0.224676
0.475, 0.225625
0.476, 0.226576
0.477, 0.227529
0.478, 0.228484
0.479, 0.229441
0.48, 0.2304
0.481, 0.231361
0.482, 0.232324
0.483, 0.233289
0.484, 0.234256
0.485, 0.235225
0.486, 0.236196
0.487, 0.237169
0.488, 0.238144
0.489, 0.239121
0.49, 0.2401
0.491, 0.241081
0.492, 0.242064
0.493, 0.243049
0.494, 0.244036
0.495, 0.245025
0.496, 0.246016
0.497, 0.247009
0.498, 0.248004
0.499, 0.249001
0.5, 0.25
0.501, 0.251001
0.502, 0.252004
0.503, 0.253009
0.504, 0.254016
0.505, 0.255025
0.506, 0.256036
0.507, 0.257049
0.508, 0.258064
0.509, 0.259081
0.51, 0.2601
0.511, 0.261121
0.512, 0.262144
0.513, 0.263169
0.514, 0.264196
0.515, 0.265225
0.516, 0.266256
0.517, 0.267289
0.518, 0.268324
0.519, 0.269361
0.52, 0.2704
0.521, 0.271441
0.522, 0.272484
0.523, 0.273529
0.524, 0.274576
0.525, 0.275625
0.526, 0.276676
0.527, 0.277729
0.528, 0.278784
0.529, 0.279841
0.53, 0.2809
0.531, 0.281961
0.532, 0.283024
0.533, 0.284089
0.534, 0.285156
0.535, 0.286225
0.536, 0.287296
0.537, 0.288369
0.538, 0.289444
0.539, 0.290521
0.54, 0.2916
0.541, 0.292681
0.542, 0.293764
0.543, 0.294849
0.544, 0.295936
0.545, 0.297025
0.546, 0.298116
0.547, 0.299209
0.548, 0.300304
0.549, 0.301401
0.55, 0.3025
0.551, 0.303601
0.552, 0.304704
0.553, 0.305809
0.554, 0.306916
0.555, 0.308025
0.556, 0.309136
0.557, 0.310249
0.558, 0.311364
0.559, 0.312481
0.56, 0.3136
0.561, 0.314721
0.562, 0.315844
0.563, 0.316969
0.564, 0.318096
0.565, 0.319225
0.566, 0.320356
0.567, 0.321489
0.568, 0.322624
0.569, 0.323761
0.57, 0.3249
0.571, 0.326041
0.572, 0.327184
0.573, 0.328329
0.574, 0.329476
0.575, 0.330625
0.576, 0.331776
0.577, 0.332929
0.578, 0.334084
0.579, 0.335241
0.58, 0.3364
0.581, 0.337561
0.582, 0.338724
0.583, 0.339889
0.584, 0.341056
0.585, 0.342225
0.586, 0.343396
0.587, 0.344569
0.588, 0.345744
0.589, 0.346921
0.59, 0.3481
0.591, 0.349281
0.592, 0.350464
0.593, 0.351649
0.594, 0.352836
0.595, 0.354025
0.596, 0.355216
0.597, 0.356409
0.598, 0.357604
0.599, 0.358801
0.6, 0.36
0.601, 0.361201
0.602, 0.362404
0.603, 0.363609
0.604, 0.364816
0.605, 0.366025
0.606, 0.367236
0.607, 0.368449
0.608, 0.369664
0.609, 0.370881
0.61, 0.3721
0.611, 0.373321
0.612, 0.374544
0.613, 0.375769
0.614, 0.376996
0.615, 0.378225
0.616, 0.379456
0.617, 0.380689
0.618, 0.381924
0.619, 0.383161
0.62, 0.3844
0.621, 0.385641
0.622, 0.386884
0.623, 0.388129
0.624, 0.389376
0.625, 0.390625
0.626, 0.391876
0.627, 0.393129
0.628, 0.394384
0.629, 0.395641
0.63, 0.3969
0.631, 0.398161
0.632, 0.399424
0.633, 0.400689
0.634, 0.401956
0.635, 0.403225
0.636, 0.404496
0.637, 0.405769
0.638, 0.407044
0.639, 0.408321
0.64, 0.4096
0.641, 0.410881
0.642, 0.412164
0.643, 0.413449
0.644, 0.414736
0.645, 0.416025
0.646, 0.417316
0.647, 0.418609
0.648, 0.419904
0.649, 0.421201
0.65, 0.4225
0.651, 0.423801
0.652, 0.425104
0.653, 0.426409
0.654, 0.427716
0.655, 0.429025
0.656, 0.430336
0.657, 0.431649
0.658, 0.432964
0.659, 0.434281
0.66, 0.4356
0.661, 0.436921
0.662, 0.438244
0.663, 0.439569
0.664, 0.440896
0.665, 0.442225
0.666, 0.443556
0.667, 0.444889
0.668, 0.446224
0.669, 0.447561
0.67, 0.4489
0.671, 0.450241
0.672, 0.451584
0.673, 0.452929
0.674, 0.454276
0.675, 0.455625
0.676, 0.456976
0.677, 0.458329
0.678, 0.459684
0.679, 0.461041
0.68, 0.4624
0.681, 0.463761
0.682, 0.465124
0.683, 0.466489
0.684, 0.467856
0.685, 0.469225
0.686, 0.470596
0.687, 0.471969
0.688, 0.473344
0.689, 0.474721
0.69, 0.4761
0.691, 0.477481
0.692, 0.478864
0.693, 0.480249
0.694, 0.481636
0.695, 0.483025
0.696, 0.484416
0.697, 0.485809
0.698, 0.487204
0.699, 0.488601
0.7, 0.49
0.701, 0.491401
0.702, 0.492804
0.703, 0.494209
0.704, 0.495616
0.705, 0.497025
0.706, 0.498436
0.707, 0.499849
0.708, 0.501264
0.709, 0.502681
0.71, 0.5041
0.711, 0.505521
0.712, 0.506944
0.713, 0.508369
0.714, 0.509796
0.715, 0.511225
0.716, 0.512656
0.717, 0.514089
0.718, 0.515524
0.719, 0.516961
0.72, 0.5184
0.721, 0.519841
0.722, 0.521284
0.723, 0.522729
0.724, 0.524176
0.725, 0.525625
0.726, 0.527076
0.727, 0.528529
0.728, 0.529984
0.729, 0.531441
0.73, 0.5329
0.731, 0.534361
0.732, 0.535824
0.733, 0.537289
0.734, 0.538756
0.735, 0.540225
0.736, 0.541696
0.737, 0.543169
0.738, 0.544644
0.739, 0.546121
0.74, 0.5476
0.741, 0.549081
0.742, 0.550564
0.743, 0.552049
0.744, 0.553536
0.745, 0.555025
0.746, 0.556516
0.747, 0.558009
0.748, 0.559504
0.749, 0.561001
0.75, 0.5625
0.751, 0.564001
0.752, 0.565504
0.753, 0.567009
0.754, 0.568516
0.755, 0.570025
0.756, 0.571536
0.757, 0.573049
0.758, 0.574564
0.759, 0.576081
0.76, 0.5776
0.761, 0.579121
0.762, 0.580644
0.763, 0.582169
0.764, 0.583696
0.765, 0.585225
0.766, 0.586756
0.767, 0.588289
0.768, 0.589824
0.769, 0.591361
0.77, 0.5929
0.771, 0.594441
0.772, 0.595984
0.773, 0.597529
0.774, 0.599076
0.775, 0.600625
0.776, 0.602176
0.777, 0.603729
0.778, 0.605284
0.779, 0.606841
0.78, 0.6084
0.781, 0.609961
0.782, 0.611524
0.783, 0.613089
0.784, 0.614656
0.785, 0.616225
0.786, 0.617796
0.787, 0.619369
0.788, 0.620944
0.789, 0.622521
0.79, 0.6241
0.791, 0.625681
0.792, 0.627264
0.793, 0.628849
0.794, 0.630436
0.795, 0.632025
0.796, 0.633616
0.797, 0.635209
0.798, 0.636804
0.799, 0.638401
0.8, 0.64
0.801, 0.641601
0.802, 0.643204
0.803, 0.644809
0.804, 0.646416
0.805, 0.648025
0.806, 0.649636
0.807, 0.651249
0.808, 0.652864
0.809, 0.654481
0.81, 0.6561
0.811, 0.657721
0.812, 0.659344
0.813, 0.660969
0.814, 0.662596
0.815, 0.664225
0.816, 0.665856
0.817, 0.667489
0.818, 0.669124
0.819, 0.670761
0.82, 0.6724
0.821, 0.674041
0.822, 0.675684
0.823, 0.677329
0.824, 0.678976
0.825, 0.680625
0.826, 0.682276
0.827, 0.683929
0.828, 0.685584
0.829, 0.687241
0.83, 0.6889
0.831, 0.690561
0.832, 0.692224
0.833, 0.693889
0.834, 0.695556
0.835, 0.697225
0.836, 0.698896
0.837, 0.700569
0.838, 0.702244
0.839, 0.703921
0.84, 0.7056
0.841, 0.707281
0.842, 0.708964
0.843, 0.710649
0.844, 0.712336
0.845, 0.714025
0.846, 0.715716
0.847, 0.717409
0.848, 0.719104
0.849, 0.720801
0.85, 0.7225
0.851, 0.724201
0.852, 0.725904
0.853, 0.727609
0.854, 0.729316
0.855, 0.731025
0.856, 0.732736
0.857, 0.734449
0.858, 0.736164
0.859, 0.737881
0.86, 0.7396
0.861, 0.741321
0.862, 0.743044
0.863, 0.744769
0.864, 0.746496
0.865, 0.748225
0.866, 0.749956
0.867, 0.751689
0.868, 0.753424
0.869, 0.755161
0.87, 0.7569
0.871, 0.758641
0.872, 0.760384
0.873, 0.762129
0.874, 0.763876
0.875, 0.765625
0.876, 0.767376
0.877, 0.769129
0.878, 0.770884
0.879, 0.772641
0.88, 0.7744
0.881, 0.776161
0.882, 0.777924
0.883, 0.779689
0.884, 0.781456
0.885, 0.783225
0.886, 0.784996
0.887, 0.786769
0.888, 0.788544
0.889, 0.790321
0.89, 0.7921
0.891, 0.793881
0.892, 0.795664
0.893, 0.797449
0.894, 0.799236
0.895, 0.801025
0.896, 0.802816
0.897, 0.804609
0.898, 0.806404
0.899, 0.808201
0.9, 0.81
0.901, 0.811801
0.902, 0.813604
0.903, 0.815409
0.904, 0.817216
0.905, 0.819025
0.906, 0.820836
0.907, 0.822649
0.908, 0.824464
0.909, 0.826281
0.91, 0.8281
0.911, 0.829921
0.912, 0.831744
0.913, 0.833569
0.914, 0.835396
0.915, 0.837225
0.916, 0.839056
0.917, 0.840889
0.918, 0.842724
0.919, 0.844561
0.92, 0.8464
0.921, 0.848241
0.922, 0.850084
0.923, 0.851929
0.924, 0.853776
0.925, 0.855625
0.926, 0.857476
0.927, 0.859329
0.928, 0.861184
0.929, 0.863041
0.93, 0.8649
0.931, 0.866761
0.932, 0.868624
0.933, 0.870489
0.934, 0.872356
0.935, 0.874225
0.936, 0.876096
0.937, 0.877969
0.938, 0.879844
0.939, 0.881721
0.94, 0.8836
0.941, 0.885481
0.942, 0.887364
0.943, 0.889249
0.944, 0.891136
0.945, 0.893025
0.946, 0.894916
0.947, 0.896809
0.948, 0.898704
0.949, 0.900601
0.95, 0.9025
0.951, 0.904401
0.952, 0.906304
0.953, 0.908209
0.954, 0.910116
0.955, 0.912025
0.956, 0.913936
0.957, 0.915849
0.958, 0.917764
0.959, 0.919681
0.96, 0.9216
0.961, 0.923521
0.962, 0.925444
0.963, 0.927369
0.964, 0.929296
0.965, 0.931225
0.966, 0.933156
0.967, 0.935089
0.968, 0.937024
0.969, 0.938961
0.97, 0.9409
0.971, 0.942841
0.972, 0.944784
0.973, 0.946729
0.974, 0.948676
0.975, 0.950625
0.976, 0.952576
0.977, 0.954529
0.978, 0.956484
0.979, 0.958441
0.98, 0.9604
0.981, 0.962361
0.982, 0.964324
0.983, 0.966289
0.984, 0.968256
0.985, 0.970225
0.986, 0.972196
0.987, 0.974169
0.988, 0.976144
0.989, 0.978121
0.99, 0.9801
0.991, 0.982081
0.992, 0.984064
0.993, 0.986049
0.994, 0.988036
0.995, 0.990025
0.996, 0.992016
0.997, 0.994009
0.998, 0.996004
0.999, 0.998001
1, 1
1.001, 1.002
1.002, 1.004
1.003, 1.00601
1.004, 1.00802
1.005, 1.01002
1.006, 1.01204
1.007, 1.01405
1.008, 1.01606
1.009, 1.01808
1.01, 1.0201
1.011, 1.02212
1.012, 1.02414
1.013, 1.02617
1.014, 1.0282
1.015, 1.03022
1.016, 1.03226
1.017, 1.03429
1.018, 1.03632
1.019, 1.03836
1.02, 1.0404
1.021, 1.04244
1.022, 1.04448
1.023, 1.04653
1.024, 1.04858
1.025, 1.05062
1.026, 1.05268
1.027, 1.05473
1.028, 1.05678
1.029, 1.05884
1.03, 1.0609
1.031, 1.06296
1.032, 1.06502
1.033, 1.06709
1.034, 1.06916
1.035, 1.07122
1.036, 1.0733
1.037, 1.07537
1.038, 1.07744
1.039, 1.07952
1.04, 1.0816
1.041, 1.08368
1.042, 1.08576
1.043, 1.08785
1.044, 1.08994
1.045, 1.09202
1.046, 1.09412
1.047, 1.09621
1.048, 1.0983
1.049, 1.1004
1.05, 1.1025
1.051, 1.1046
1.052, 1.1067
1.053, 1.10881
1.054, 1.11092
1.055, 1.11302
1.056, 1.11514
1.057, 1.11725
1.058, 1.11936
1.059, 1.12148
1.06, 1.1236
1.061, 1.12572
1.062, 1.12784
1.063, 1.12997
1.064, 1.1321
1.065, 1.13422
1.066, 1.13636
1.067, 1.13849
1.068, 1.14062
1.069, 1.14276
1.07, 1.1449
1.071, 1.14704
1.072, 1.14918
1.073, 1.15133
1.074, 1.15348
1.075, 1.15562
1.076, 1.15778
1.077, 1.15993
1.078, 1.16208
1.079, 1.16424
1.08, 1.1664
1.081, 1.16856
1.082, 1.17072
1.083, 1.17289
1.084, 1.17506
1.085, 1.17722
1.086, 1.1794
1.087, 1.18157
1.088, 1.18374
1.089, 1.18592
1.09, 1.1881
1.091, 1.19028
1.092, 1.19246
1.093, 1.19465
1.094, 1.19684
1.095, 1.19902
1.096, 1.20122
1.097, 1.20341
1.098, 1.2056
1.099, 1.2078
1.1, 1.21
1.101, 1.2122
1.102, 1.2144
1.103, 1.21661
1.104, 1.21882
1.105, 1.22102
1.106, 1.22324
1.107, 1.22545
1.108, 1.22766
1.109, 1.22988
1.11, 1.2321
1.111, 1.23432
1.112, 1.23654
1.113, 1.23877
1.114, 1.241
1.115, 1.24322
1.116, 1.24546
1.117, 1.24769
1.118, 1.24992
1.119, 1.25216
1.12, 1.2544
1.121, 1.25664
1.122, 1.25888
1.123, 1.26113
1.124, 1.26338
1.125, 1.26562
1.126, 1.26788
1.127, 1.27013
1.128, 1.27238
1.129, 1.27464
1.13, 1.2769
1.131, 1.27916
1.132, 1.28142
1.133, 1.28369
1.134, 1.28596
1.135, 1.28822
1.136, 1.2905
1.137, 1.29277
1.138, 1.29504
1.139, 1.29732
1.14, 1.2996
1.141, 1.30188
1.142, 1.30416
1.143, 1.30645
1.144, 1.30874
1.145, 1.31102
1.146, 1.31332
1.147, 1.31561
1.148, 1.3179
1.149, 1.3202
1.15, 1.3225
1.151, 1.3248
1.152, 1.3271
1.153, 1.32941
1.154, 1.33172
1.155, 1.33402
1.156, 1.33634
1.157, 1.33865
1.158, 1.34096
1.159, 1.34328
1.16, 1.3456
1.161, 1.34792
1.162, 1.35024
1.163, 1.35257
1.164, 1.3549
1.165, 1.35722
1.166, 1.35956
1.167, 1.36189
1.168, 1.36422
1.169, 1.36656
1.17, 1.3689
1.171, 1.37124
1.172, 1.37358
1.173, 1.37593
1.174, 1.37828
1.175, 1.38062
1.176, 1.38298
1.177, 1.38533
1.178, 1.38768
1.179, 1.39004
1.18, 1.3924
1.181, 1.39476
1.182, 1.39712
1.183, 1.39949
1.184, 1.40186
1.185, 1.40422
1.186, 1.4066
1.187, 1.40897
1.188, 1.41134
1.189, 1.41372
1.19, 1.4161
1.191, 1.41848
1.192, 1.42086
1.193, 1.42325
1.194, 1.42564
1.195, 1.42802
1.196, 1.43042
1.197, 1.43281
1.198, 1.4352
1.199, 1.4376
1.2, 1.44
1.201, 1.4424
1.202, 1.4448
1.203, 1.44721
1.204, 1.44962
1.205, 1.45202
1.206, 1.45444
1.207, 1.45685
1.208, 1.45926
1.209, 1.46168
1.21, 1.4641
1.211, 1.46652
1.212, 1.46894
1.213, 1.47137
1.214, 1.4738
1.215, 1.47622
1.216, 1.47866
1.217, 1.48109
1.218, 1.48352
1.219, 1.48596
1.22, 1.4884
1.221, 1.49084
1.222, 1.49328
1.223, 1.49573
1.224, 1.49818
1.225, 1.50062
1.226, 1.50308
1.227, 1.50553
1.228, 1.50798
1.229, 1.51044
1.23, 1.5129
1.231, 1.51536
1.232, 1.51782
1.233, 1.52029
1.234, 1.52276
1.235, 1.52522
1.236, 1.5277
1.237, 1.53017
1.238, 1.53264
1.239, 1.53512
1.24, 1.5376
1.241, 1.54008
1.242, 1.54256
1.243, 1.54505
1.244, 1.54754
1.245, 1.55002
1.246, 1.55252
1.247, 1.55501
1.248, 1.5575
1.249, 1.56
1.25, 1.5625
1.251, 1.565
1.252, 1.5675
1.253, 1.57001
1.254, 1.57252
1.255, 1.57502
1.256, 1.57754
1.257, 1.58005
1.258, 1.58256
1.259, 1.58508
1.26, 1.5876
1.261, 1.59012
1.262, 1.59264
1.263, 1.59517
1.264, 1.5977
1.265, 1.60022
1.266, 1.60276
1.267, 1.60529
1.268, 1.60782
1.269, 1.61036
1.27, 1.6129
1.271, 1.61544
1.272, 1.61798
1.273, 1.62053
1.274, 1.62308
1.275, 1.62562
1.276, 1.62818
1.277, 1.63073
1.278, 1.63328
1.279, 1.63584
1.28, 1.6384
1.281, 1.64096
1.282, 1.64352
1.283, 1.64609
1.284, 1.64866
1.285, 1.65122
1.286, 1.6538
1.287, 1.65637
1.288, 1.65894
1.289, 1.66152
1.29, 1.6641
1.291, 1.66668
1.292, 1.66926
1.293, 1.67185
1.294, 1.67444
1.295, 1.67702
1.296, 1.67962
1.297, 1.68221
1.298, 1.6848
1.299, 1.6874
1.3, 1.69
1.301, 1.6926
1.302, 1.6952
1.303, 1.69781
1.304, 1.70042
1.305, 1.70302
1.306, 1.70564
1.307, 1.70825
1.308, 1.71086
1.309, 1.71348
1.31, 1.7161
1.311, 1.71872
1.312, 1.72134
1.313, 1.72397
1.314, 1.7266
1.315, 1.72922
1.316, 1.73186
1.317, 1.73449
1.318, 1.73712
1.319, 1.73976
1.32, 1.7424
1.321, 1.74504
1.322, 1.74768
1.323, 1.75033
1.324, 1.75298
1.325, 1.75562
1.326, 1.75828
1.327, 1.76093
1.328, 1.76358
1.329, 1.76624
1.33, 1.7689
1.331, 1.77156
1.332, 1.77422
1.333, 1.77689
1.334, 1.77956
1.335, 1.78222
1.336, 1.7849
1.337, 1.78757
1.338, 1.79024
1.339, 1.79292
1.34, 1.7956
1.341, 1.79828
1.342, 1.80096
1.343, 1.80365
1.344, 1.80634
1.345, 1.80902
1.346, 1.81172
1.347, 1.81441
1.348, 1.8171
1.349, 1.8198
1.35, 1.8225
1.351, 1.8252
1.352, 1.8279
1.353, 1.83061
1.354, 1.83332
1.355, 1.83602
1.356, 1.83874
1.357, 1.84145
1.358, 1.84416
1.359, 1.84688
1.36, 1.8496
1.361, 1.85232
1.362, 1.85504
1.363, 1.85777
1.364, 1.8605
1.365, 1.86322
1.366, 1.86596
1.367, 1.86869
1.368, 1.87142
1.369, 1.87416
1.37, 1.8769
1.371, 1.87964
1.372, 1.88238
1.373, 1.88513
1.374, 1.88788
1.375, 1.89062
1.376, 1.89338
1.377, 1.89613
1.378, 1.89888
1.379, 1.90164
1.38, 1.9044
1.381, 1.90716
1.382, 1.90992
1.383, 1.91269
1.384, 1.91546
1.385, 1.91822
1.386, 1.921
1.387, 1.92377
1.388, 1.92654
1.389, 1.92932
1.39, 1.9321
1.391, 1.93488
1.392, 1.93766
1.393, 1.94045
1.394, 1.94324
1.395, 1.94602
1.396, 1.94882
1.397, 1.95161
1.398, 1.9544
1.399, 1.9572
1.4, 1.96
1.401, 1.9628
1.402, 1.9656
1.403, 1.96841
1.404, 1.97122
1.405, 1.97402
1.406, 1.97684
1.407, 1.97965
1.408, 1.98246
1.409, 1.98528
1.41, 1.9881
1.411, 1.99092
1.412, 1.99374
1.413, 1.99657
1.414, 1.9994
1.415, 2.00222
1.416, 2.00506
1.417, 2.00789
1.418, 2.01072
1.419, 2.01356
1.42, 2.0164
1.421, 2.01924
1.422, 2.02208
1.423, 2.02493
1.424, 2.02778
1.425, 2.03062
1.426, 2.03348
1.427, 2.03633
1.428, 2.03918
1.429, 2.04204
1.43, 2.0449
1.431, 2.04776
1.432, 2.05062
1.433, 2.05349
1.434, 2.05636
1.435, 2.05922
1.436, 2.0621
1.437, 2.06497
1.438, 2.06784
1.439, 2.07072
1.44, 2.0736
1.441, 2.07648
1.442, 2.07936
1.443, 2.08225
1.444, 2.08514
1.445, 2.08802
1.446, 2.09092
1.447, 2.09381
1.448, 2.0967
1.449, 2.0996
1.45, 2.1025
1.451, 2.1054
1.452, 2.1083
1.453, 2.11121
1.454, 2.11412
1.455, 2.11702
1.456, 2.11994
1.457, 2.12285
1.458, 2.12576
1.459, 2.12868
1.46, 2.1316
1.461, 2.13452
1.462, 2.13744
1.463, 2.14037
1.464, 2.1433
1.465, 2.14622
1.466, 2.14916
1.467, 2.15209
1.468, 2.15502
1.469, 2.15796
1.47, 2.1609
1.471, 2.16384
1.472, 2.16678
1.473, 2.16973
1.474, 2.17268
1.475, 2.17562
1.476, 2.17858
1.477, 2.18153
1.478, 2.18448
1.479, 2.18744
1.48, 2.1904
1.481, 2.19336
1.482, 2.19632
1.483, 2.19929
1.484, 2.20226
1.485, 2.20522
1.486, 2.2082
1.487, 2.21117
1.488, 2.21414
1.489, 2.21712
1.49, 2.2201
1.491, 2.22308
1.492, 2.22606
1.493, 2.22905
1.494, 2.23204
1.495, 2.23502
1.496, 2.23802
1.497, 2.24101
1.498, 2.244
1.499, 2.247
1.5, 2.25
1.501, 2.253
1.502, 2.256
1.503, 2.25901
1.504, 2.26202
1.505, 2.26502
1.506, 2.26804
1.507, 2.27105
1.508, 2.27406
1.509, 2.27708
1.51, 2.2801
1.511, 2.28312
1.512, 2.28614
1.513, 2.28917
1.514, 2.2922
1.515, 2.29522
1.516, 2.29826
1.517, 2.30129
1.518, 2.30432
1.519, 2.30736
1.52, 2.3104
1.521, 2.31344
1.522, 2.31648
1.523, 2.31953
1.524, 2.32258
1.525, 2.32562
1.526, 2.32868
1.527, 2.33173
1.528, 2.33478
1.529, 2.33784
1.53, 2.3409
1.531, 2.34396
1.532, 2.34702
1.533, 2.35009
1.534, 2.35316
1.535, 2.35622
1.536, 2.3593
1.537, 2.36237
1.538, 2.36544
1.539, 2.36852
1.54, 2.3716
1.541, 2.37468
1.542, 2.37776
1.543, 2.38085
1.544, 2.38394
1.545, 2.38702
1.546, 2.39012
1.547, 2.39321
1.548, 2.3963
1.549, 2.3994
1.55, 2.4025
1.551, 2.4056
1.552, 2.4087
1.553, 2.41181
1.554, 2.41492
1.555, 2.41802
1.556, 2.42114
1.557, 2.42425
1.558, 2.42736
1.559, 2.43048
1.56, 2.4336
1.561, 2.43672
1.562, 2.43984
1.563, 2.44297
1.564, 2.4461
1.565, 2.44922
1.566, 2.45236
1.567, 2.45549
1.568, 2.45862
1.569, 2.46176
1.57, 2.4649
1.571, 2.46804
1.572, 2.47118
1.573, 2.47433
1.574, 2.47748
1.575, 2.48062
1.576, 2.48378
1.577, 2.48693
1.578, 2.49008
1.579, 2.49324
1.58, 2.4964
1.581, 2.49956
1.582, 2.50272
1.583, 2.50589
1.584, 2.50906
1.585, 2.51222
1.586, 2.5154
1.587, 2.51857
1.588, 2.52174
1.589, 2.52492
1.59, 2.5281
1.591, 2.53128
1.592, 2.53446
1.593, 2.53765
1.594, 2.54084
1.595, 2.54402
1.596, 2.54722
1.597, 2.55041
1.598, 2.5536
1.599, 2.5568
1.6, 2.56
1.601, 2.5632
1.602, 2.5664
1.603, 2.56961
1.604, 2.57282
1.605, 2.57602
1.606, 2.57924
1.607, 2.58245
1.608, 2.58566
1.609, 2.58888
1.61, 2.5921
1.611, 2.59532
1.612, 2.59854
1.613, 2.60177
1.614, 2.605
1.615, 2.60822
1.616, 2.61146
1.617, 2.61469
1.618, 2.61792
1.619, 2.62116
1.62, 2.6244
1.621, 2.62764
1.622, 2.63088
1.623, 2.63413
1.624, 2.63738
1.625, 2.64062
1.626, 2.64388
1.627, 2.64713
1.628, 2.65038
1.629, 2.65364
1.63, 2.6569
1.631, 2.66016
1.632, 2.66342
1.633, 2.66669
1.634, 2.66996
1.635, 2.67322
1.636, 2.6765
1.637, 2.67977
1.638, 2.68304
1.639, 2.68632
1.64, 2.6896
1.641, 2.69288
1.642, 2.69616
1.643, 2.69945
1.644, 2.70274
1.645, 2.70602
1.646, 2.70932
1.647, 2.71261
1.648, 2.7159
1.649, 2.7192
1.65, 2.7225
1.651, 2.7258
1.652, 2.7291
1.653, 2.73241
1.654, 2.73572
1.655, 2.73902
1.656, 2.74234
1.657, 2.74565
1.658, 2.74896
1.659, 2.75228
1.66, 2.7556
1.661, 2.75892
1.662, 2.76224
1.663, 2.76557
1.664, 2.7689
1.665, 2.77222
1.666, 2.77556
1.667, 2.77889
1.668, 2.78222
1.669, 2.78556
1.67, 2.7889
1.671, 2.79224
1.672, 2.79558
1.673, 2.79893
1.674, 2.80228
1.675, 2.80562
1.676, 2.80898
1.677, 2.81233
1.678, 2.81568
1.679, 2.81904
1.68, 2.8224
1.681, 2.82576
1.682, 2.82912
1.683, 2.83249
1.684, 2.83586
1.685, 2.83922
1.686, 2.8426
1.687, 2.84597
1.688, 2.84934
1.689, 2.85272
1.69, 2.8561
1.691, 2.85948
1.692, 2.86286
1.693, 2.86625
1.694, 2.86964
1.695, 2.87302
1.696, 2.87642
1.697, 2.87981
1.698, 2.8832
1.699, 2.8866
1.7, 2.89
1.701, 2.8934
1.702, 2.8968
1.703, 2.90021
1.704, 2.90362
1.705, 2.90702
1.706, 2.91044
1.707, 2.91385
1.708, 2.91726
1.709, 2.92068
1.71, 2.9241
1.711, 2.92752
1.712, 2.93094
1.713, 2.93437
1.714, 2.9378
1.715, 2.94122
1.716, 2.94466
1.717, 2.94809
1.718, 2.95152
1.719, 2.95496
1.72, 2.9584
1.721, 2.96184
1.722, 2.96528
1.723, 2.96873
1.724, 2.97218
1.725, 2.97562
1.726, 2.97908
1.727, 2.98253
1.728, 2.98598
1.729, 2.98944
1.73, 2.9929
1.731, 2.99636
1.732, 2.99982
1.733, 3.00329
1.734, 3.00676
1.735, 3.01022
1.736, 3.0137
1.737, 3.01717
1.738, 3.02064
1.739, 3.02412
1.74, 3.0276
1.741, 3.03108
1.742, 3.03456
1.743, 3.03805
1.744, 3.04154
1.745, 3.04502
1.746, 3.04852
1.747, 3.05201
1.748, 3.0555
1.749, 3.059
1.75, 3.0625
1.751, 3.066
1.752, 3.0695
1.753, 3.07301
1.754, 3.07652
1.755, 3.08002
1.756, 3.08354
1.757, 3.08705
1.758, 3.09056
1.759, 3.09408
1.76, 3.0976
1.761, 3.10112
1.762, 3.10464
1.763, 3.10817
1.764, 3.1117
1.765, 3.11522
1.766, 3.11876
1.767, 3.12229
1.768, 3.12582
1.769, 3.12936
1.77, 3.1329
1.771, 3.13644
1.772, 3.13998
1.773, 3.14353
1.774, 3.14708
1.775, 3.15062
1.776, 3.15418
1.777, 3.15773
1.778, 3.16128
1.779, 3.16484
1.78, 3.1684
1.781, 3.17196
1.782, 3.17552
1.783, 3.17909
1.784, 3.18266
1.785, 3.18622
1.786, 3.1898
1.787, 3.19337
1.788, 3.19694
1.789, 3.20052
1.79, 3.2041
1.791, 3.20768
1.792, 3.21126
1.793, 3.21485
1.794, 3.21844
1.795, 3.22202
1.796, 3.22562
1.797, 3.22921
1.798, 3.2328
1.799, 3.2364
1.8, 3.24
1.801, 3.2436
1.802, 3.2472
1.803, 3.25081
1.804, 3.25442
1.805, 3.25802
1.806, 3.26164
1.807, 3.26525
1.808, 3.26886
1.809, 3.27248
1.81, 3.2761
1.811, 3.27972
1.812, 3.28334
1.813, 3.28697
1.814, 3.2906
1.815, 3.29422
1.816, 3.29786
1.817, 3.30149
1.818, 3.30512
1.819, 3.30876
1.82, 3.3124
1.821, 3.31604
1.822, 3.31968
1.823, 3.32333
1.824, 3.32698
1.825, 3.33062
1.826, 3.33428
1.827, 3.33793
1.828, 3.34158
1.829, 3.34524
1.83, 3.3489
1.831, 3.35256
1.832, 3.35622
1.833, 3.35989
1.834, 3.36356
1.835, 3.36722
1.836, 3.3709
1.837, 3.37457
1.838, 3.37824
1.839, 3.38192
1.84, 3.3856
1.841, 3.38928
1.842, 3.39296
1.843, 3.39665
1.844, 3.40034
1.845, 3.40402
1.846, 3.40772
1.847, 3.41141
1.848, 3.4151
1.849, 3.4188
1.85, 3.4225
1.851, 3.4262
1.852, 3.4299
1.853, 3.43361
1.854, 3.43732
1.855, 3.44102
1.856, 3.44474
1.857, 3.44845
1.858, 3.45216
1.859, 3.45588
1.86, 3.4596
1.861, 3.46332
1.862, 3.46704
1.863, 3.47077
1.864, 3.4745
1.865, 3.47822
1.866, 3.48196
1.867, 3.48569
1.868, 3.48942
1.869, 3.49316
1.87, 3.4969
1.871, 3.50064
1.872, 3.50438
1.873, 3.50813
1.874, 3.51188
1.875, 3.51562
1.876, 3.51938
1.877, 3.52313
1.878, 3.52688
1.879, 3.53064
1.88, 3.5344
1.881, 3.53816
1.882, 3.54192
1.883, 3.54569
1.884, 3.54946
1.885, 3.55322
1.886, 3.557
1.887, 3.56077
1.888, 3.56454
1.889, 3.56832
1.89, 3.5721
1.891, 3.57588
1.892, 3.57966
1.893, 3.58345
1.894, 3.58724
1.895, 3.59102
1.896, 3.59482
1.897, 3.59861
1.898, 3.6024
1.899, 3.6062
1.9, 3.61
1.901, 3.6138
1.902, 3.6176
1.903, 3.62141
1.904, 3.62522
1.905, 3.62902
1.906, 3.63284
1.907, 3.63665
1.908, 3.64046
1.909, 3.64428
1.91, 3.6481
1.911, 3.65192
1.912, 3.65574
1.913, 3.65957
1.914, 3.6634
1.915, 3.66722
1.916, 3.67106
1.917, 3.67489
1.918, 3.67872
1.919, 3.68256
1.92, 3.6864
1.921, 3.69024
1.922, 3.69408
1.923, 3.69793
1.924, 3.70178
1.925, 3.70562
1.926, 3.70948
1.927, 3.71333
1.928, 3.71718
1.929, 3.72104
1.93, 3.7249
1.931, 3.72876
1.932, 3.73262
1.933, 3.73649
1.934, 3.74036
1.935, 3.74422
1.936, 3.7481
1.937, 3.75197
1.938, 3.75584
1.939, 3.75972
1.94, 3.7636
1.941, 3.76748
1.942, 3.77136
1.943, 3.77525
1.944, 3.77914
1.945, 3.78302
1.946, 3.78692
1.947, 3.79081
1.948, 3.7947
1.949, 3.7986
1.95, 3.8025
1.951, 3.8064
1.952, 3.8103
1.953, 3.81421
1.954, 3.81812
1.955, 3.82202
1.956, 3.82594
1.957, 3.82985
1.958, 3.83376
1.959, 3.83768
1.96, 3.8416
1.961, 3.84552
1.962, 3.84944
1.963, 3.85337
1.964, 3.8573
1.965, 3.86122
1.966, 3.86516
1.967, 3.86909
1.968, 3.87302
1.969, 3.87696
1.97, 3.8809
1.971, 3.88484
1.972, 3.88878
1.973, 3.89273
1.974, 3.89668
1.975, 3.90062
1.976, 3.90458
1.977, 3.90853
1.978, 3.91248
1.979, 3.91644
1.98, 3.9204
1.981, 3.92436
1.982, 3.92832
1.983, 3.93229
1.984, 3.93626
1.985, 3.94022
1.986, 3.9442
1.987, 3.94817
1.988, 3.95214
1.989, 3.95612
1.99, 3.9601
1.991, 3.96408
1.992, 3.96806
1.993, 3.97205
1.994, 3.97604
1.995, 3.98002
1.996, 3.98402
1.997, 3.98801
1.998, 3.992
1.999, 3.996
2, 4
2.001, 4.004
2.002, 4.008
2.003, 4.01201
2.004, 4.01602
2.005, 4.02002
2.006, 4.02404
2.007, 4.02805
2.008, 4.03206
2.009, 4.03608
2.01, 4.0401
2.011, 4.04412
2.012, 4.04814
2.013, 4.05217
2.014, 4.0562
2.015, 4.06022
2.016, 4.06426
2.017, 4.06829
2.018, 4.07232
2.019, 4.07636
2.02, 4.0804
2.021, 4.08444
2.022, 4.08848
2.023, 4.09253
2.024, 4.09658
2.025, 4.10062
2.026, 4.10468
2.027, 4.10873
2.028, 4.11278
2.029, 4.11684
2.03, 4.1209
2.031, 4.12496
2.032, 4.12902
2.033, 4.13309
2.034, 4.13716
2.035, 4.14122
2.036, 4.1453
2.037, 4.14937
2.038, 4.15344
2.039, 4.15752
2.04, 4.1616
2.041, 4.16568
2.042, 4.16976
2.043, 4.17385
2.044, 4.17794
2.045, 4.18202
2.046, 4.18612
2.047, 4.19021
2.048, 4.1943
2.049, 4.1984
2.05, 4.2025
2.051, 4.2066
2.052, 4.2107
2.053, 4.21481
2.054, 4.21892
2.055, 4.22302
2.056, 4.22714
2.057, 4.23125
2.058, 4.23536
2.059, 4.23948
2.06, 4.2436
2.061, 4.24772
2.062, 4.25184
2.063, 4.25597
2.064, 4.2601
2.065, 4.26422
2.066, 4.26836
2.067, 4.27249
2.068, 4.27662
2.069, 4.28076
2.07, 4.2849
2.071, 4.28904
2.072, 4.29318
2.073, 4.29733
2.074, 4.30148
2.075, 4.30562
2.076, 4.30978
2.077, 4.31393
2.078, 4.31808
2.079, 4.32224
2.08, 4.3264
2.081, 4.33056
2.082, 4.33472
2.083, 4.33889
2.084, 4.34306
2.085, 4.34722
2.086, 4.3514
2.087, 4.35557
2.088, 4.35974
2.089, 4.36392
2.09, 4.3681
2.091, 4.37228
2.092, 4.37646
2.093, 4.38065
2.094, 4.38484
2.095, 4.38902
2.096, 4.39322
2.097, 4.39741
2.098, 4.4016
2.099, 4.4058
2.1, 4.41
2.101, 4.4142
2.102, 4.4184
2.103, 4.42261
2.104, 4.42682
2.105, 4.43102
2.106, 4.43524
2.107, 4.43945
2.108, 4.44366
2.109, 4.44788
2.11, 4.4521
2.111, 4.45632
2.112, 4.46054
2.113, 4.46477
2.114, 4.469
2.115, 4.47322
2.116, 4.47746
2.117, 4.48169
2.118, 4.48592
2.119, 4.49016
2.12, 4.4944
2.121, 4.49864
2.122, 4.50288
2.123, 4.50713
2.124, 4.51138
2.125, 4.51562
2.126, 4.51988
2.127, 4.52413
2.128, 4.52838
2.129, 4.53264
2.13, 4.5369
2.131, 4.54116
2.132, 4.54542
2.133, 4.54969
2.134, 4.55396
2.135, 4.55822
2.136, 4.5625
2.137, 4.56677
2.138, 4.57104
2.139, 4.57532
2.14, 4.5796
2.141, 4.58388
2.142, 4.58816
2.143, 4.59245
2.144, 4.59674
2.145, 4.60102
2.146, 4.60532
2.147, 4.60961
2.148, 4.6139
2.149, 4.6182
2.15, 4.6225
2.151, 4.6268
2.152, 4.6311
2.153, 4.63541
2.154, 4.63972
2.155, 4.64402
2.156, 4.64834
2.157, 4.65265
2.158, 4.65696
2.159, 4.66128
2.16, 4.6656
2.161, 4.66992
2.162, 4.67424
2.163, 4.67857
2.164, 4.6829
2.165, 4.68722
2.166, 4.69156
2.167, 4.69589
2.168, 4.70022
2.169, 4.70456
2.17, 4.7089
2.171, 4.71324
2.172, 4.71758
2.173, 4.72193
2.174, 4.72628
2.175, 4.73062
2.176, 4.73498
2.177, 4.73933
2.178, 4.74368
2.179, 4.74804
2.18, 4.7524
2.181, 4.75676
2.182, 4.76112
2.183, 4.76549
2.184, 4.76986
2.185, 4.77422
2.186, 4.7786
2.187, 4.78297
2.188, 4.78734
2.189, 4.79172
2.19, 4.7961
2.191, 4.80048
2.192, 4.80486
2.193, 4.80925
2.194, 4.81364
2.195, 4.81802
2.196, 4.82242
2.197, 4.82681
2.198, 4.8312
2.199, 4.8356
2.2, 4.84
2.201, 4.8444
2.202, 4.8488
2.203, 4.85321
2.204, 4.85762
2.205, 4.86202
2.206, 4.86644
2.207, 4.87085
2.208, 4.87526
2.209, 4.87968
2.21, 4.8841
2.211, 4.88852
2.212, 4.89294
2.213, 4.89737
2.214, 4.9018
2.215, 4.90622
2.216, 4.91066
2.217, 4.91509
2.218, 4.91952
2.219, 4.92396
2.22, 4.9284
2.221, 4.93284
2.222, 4.93728
2.223, 4.94173
2.224, 4.94618
2.225, 4.95062
2.226, 4.95508
2.227, 4.95953
2.228, 4.96398
2.229, 4.96844
2.23, 4.9729
2.231, 4.97736
2.232, 4.98182
2.233, 4.98629
2.234, 4.99076
2.235, 4.99522
2.236, 4.9997
2.237, 5.00417
2.238, 5.00864
2.239, 5.01312
2.24, 5.0176
2.241, 5.02208
2.242, 5.02656
2.243, 5.03105
2.244, 5.03554
2.245, 5.04002
2.246, 5.04452
2.247, 5.04901
2.248, 5.0535
2.249, 5.058
2.25, 5.0625
2.251, 5.067
2.252, 5.0715
2.253, 5.07601
2.254, 5.08052
2.255, 5.08502
2.256, 5.08954
2.257, 5.09405
2.258, 5.09856
2.259, 5.10308
2.26, 5.1076
2.261, 5.11212
2.262, 5.11664
2.263, 5.12117
2.264, 5.1257
2.265, 5.13022
2.266, 5.13476
2.267, 5.13929
2.268, 5.14382
2.269, 5.14836
2.27, 5.1529
2.271, 5.15744
2.272, 5.16198
2.273, 5.16653
2.274, 5.17108
2.275, 5.17562
2.276, 5.18018
2.277, 5.18473
2.278, 5.18928
2.279, 5.19384
2.28, 5.1984
2.281, 5.20296
2.282, 5.20752
2.283, 5.21209
2.284, 5.21666
2.285, 5.22122
2.286, 5.2258
2.287, 5.23037
2.288, 5.23494
2.289, 5.23952
2.29, 5.2441
2.291, 5.24868
2.292, 5.25326
2.293, 5.25785
2.294, 5.26244
2.295, 5.26702
2.296, 5.27162
2.297, 5.27621
2.298, 5.2808
2.299, 5.2854
2.3, 5.29
2.301, 5.2946
2.302, 5.2992
2.303, 5.30381
2.304, 5.30842
2.305, 5.31302
2.306, 5.31764
2.307, 5.32225
2.308, 5.32686
2.309, 5.33148
2.31, 5.3361
2.311, 5.34072
2.312, 5.34534
2.313, 5.34997
2.314, 5.3546
2.315, 5.35922
2.316, 5.36386
2.317, 5.36849
2.318, 5.37312
2.319, 5.37776
2.32, 5.3824
2.321, 5.38704
2.322, 5.39168
2.323, 5.39633
2.324, 5.40098
2.325, 5.40562
2.326, 5.41028
2.327, 5.41493
2.328, 5.41958
2.329, 5.42424
2.33, 5.4289
2.331, 5.43356
2.332, 5.43822
2.333, 5.44289
2.334, 5.44756
2.335, 5.45222
2.336, 5.4569
2.337, 5.46157
2.338, 5.46624
2.339, 5.47092
2.34, 5.4756
2.341, 5.48028
2.342, 5.48496
2.343, 5.48965
2.344, 5.49434
2.345, 5.49902
2.346, 5.50372
2.347, 5.50841
2.348, 5.5131
2.349, 5.5178
2.35, 5.5225
2.351, 5.5272
2.352, 5.5319
2.353, 5.53661
2.354, 5.54132
2.355, 5.54602
2.356, 5.55074
2.357, 5.55545
2.358, 5.56016
2.359, 5.56488
2.36, 5.5696
2.361, 5.57432
2.362, 5.57904
2.363, 5.58377
2.364, 5.5885
2.365, 5.59322
2.366, 5.59796
2.367, 5.60269
2.368, 5.60742
2.369, 5.61216
2.37, 5.6169
2.371, 5.62164
2.372, 5.62638
2.373, 5.63113
2.374, 5.63588
2.375, 5.64062
2.376, 5.64538
2.377, 5.65013
2.378, 5.65488
2.379, 5.65964
2.38, 5.6644
2.381, 5.66916
2.382, 5.67392
2.383, 5.67869
2.384, 5.68346
2.385, 5.68822
2.386, 5.693
2.387, 5.69777
2.388, 5.70254
2.389, 5.70732
2.39, 5.7121
2.391, 5.71688
2.392, 5.72166
2.393, 5.72645
2.394, 5.73124
2.395, 5.73602
2.396, 5.74082
2.397, 5.74561
2.398, 5.7504
2.399, 5.7552
2.4, 5.76
2.401, 5.7648
2.402, 5.7696
2.403, 5.77441
2.404, 5.77922
2.405, 5.78402
2.406, 5.78884
2.407, 5.79365
2.408, 5.79846
2.409, 5.80328
2.41, 5.8081
2.411, 5.81292
2.412, 5.81774
2.413, 5.82257
2.414, 5.8274
2.415, 5.83222
2.416, 5.83706
2.417, 5.84189
2.418, 5.84672
2.419, 5.85156
2.42, 5.8564
2.421, 5.86124
2.422, 5.86608
2.423, 5.87093
2.424, 5.87578
2.425, 5.88062
2.426, 5.88548
2.427, 5.89033
2.428, 5.89518
2.429, 5.90004
2.43, 5.9049
2.431, 5.90976
2.432, 5.91462
2.433, 5.91949
2.434, 5.92436
2.435, 5.92922
2.436, 5.9341
2.437, 5.93897
2.438, 5.94384
2.439, 5.94872
2.44, 5.9536
2.441, 5.95848
2.442, 5.96336
2.443, 5.96825
2.444, 5.97314
2.445, 5.97802
2.446, 5.98292
2.447, 5.98781
2.448, 5.9927
2.449, 5.9976
2.45, 6.0025
2.451, 6.0074
2.452, 6.0123
2.453, 6.01721
2.454, 6.02212
2.455, 6.02702
2.456, 6.03194
2.457, 6.03685
2.458, 6.04176
2.459, 6.04668
2.46, 6.0516
2.461, 6.05652
2.462, 6.06144
2.463, 6.06637
2.464, 6.0713
2.465, 6.07622
2.466, 6.08116
2.467, 6.08609
2.468, 6.09102
2.469, 6.09596
2.47, 6.1009
2.471, 6.10584
2.472, 6.11078
2.473, 6.11573
2.474, 6.12068
2.475, 6.12562
2.476, 6.13058
2.477, 6.13553
2.478, 6.14048
2.479, 6.14544
2.48, 6.1504
2.481, 6.15536
2.482, 6.16032
2.483, 6.16529
2.484, 6.17026
2.485, 6.17522
2.486, 6.1802
2.487, 6.18517
2.488, 6.19014
2.489, 6.19512
2.49, 6.2001
2.491, 6.20508
2.492, 6.21006
2.493, 6.21505
2.494, 6.22004
2.495, 6.22502
2.496, 6.23002
2.497, 6.23501
2.498, 6.24
2.499, 6.245
2.5, 6.25
2.501, 6.255
2.502, 6.26
2.503, 6.26501
2.504, 6.27002
2.505, 6.27502
2.506, 6.28004
2.507, 6.28505
2.508, 6.29006
2.509, 6.29508
2.51, 6.3001
2.511, 6.30512
2.512, 6.31014
2.513, 6.31517
2.514, 6.3202
2.515, 6.32522
2.516, 6.33026
2.517, 6.33529
2.518, 6.34032
2.519, 6.34536
2.52, 6.3504
2.521, 6.35544
2.522, 6.36048
2.523, 6.36553
2.524, 6.37058
2.525, 6.37562
2.526, 6.38068
2.527, 6.38573
2.528, 6.39078
2.529, 6.39584
2.53, 6.4009
2.531, 6.40596
2.532, 6.41102
2.533, 6.41609
2.534, 6.42116
2.535, 6.42622
2.536, 6.4313
2.537, 6.43637
2.538, 6.44144
2.539, 6.44652
2.54, 6.4516
2.541, 6.45668
2.542, 6.46176
2.543, 6.46685
2.544, 6.47194
2.545, 6.47702
2.546, 6.48212
2.547, 6.48721
2.548, 6.4923
2.549, 6.4974
2.55, 6.5025
2.551, 6.5076
2.552, 6.5127
2.553, 6.51781
2.554, 6.52292
2.555, 6.52802
2.556, 6.53314
2.557, 6.53825
2.558, 6.54336
2.559, 6.54848
2.56, 6.5536
2.561, 6.55872
2.562, 6.56384
2.563, 6.56897
2.564, 6.5741
2.565, 6.57922
2.566, 6.58436
2.567, 6.58949
2.568, 6.59462
2.569, 6.59976
2.57, 6.6049
2.571, 6.61004
2.572, 6.61518
2.573, 6.62033
2.574, 6.62548
2.575, 6.63062
2.576, 6.63578
2.577, 6.64093
2.578, 6.64608
2.579, 6.65124
2.58, 6.6564
2.581, 6.66156
2.582, 6.66672
2.583, 6.67189
2.584, 6.67706
2.585, 6.68222
2.586, 6.6874
2.587, 6.69257
2.588, 6.69774
2.589, 6.70292
2.59, 6.7081
2.591, 6.71328
2.592, 6.71846
2.593, 6.72365
2.594, 6.72884
2.595, 6.73402
2.596, 6.73922
2.597, 6.74441
2.598, 6.7496
2.599, 6.7548
2.6, 6.76
2.601, 6.7652
2.602, 6.7704
2.603, 6.77561
2.604, 6.78082
2.605, 6.78602
2.606, 6.79124
2.607, 6.79645
2.608, 6.80166
2.609, 6.80688
2.61, 6.8121
2.611, 6.81732
2.612, 6.82254
2.613, 6.82777
2.614, 6.833
2.615, 6.83822
2.616, 6.84346
2.617, 6.84869
2.618, 6.85392
2.619, 6.85916
2.62, 6.8644
2.621, 6.86964
2.622, 6.87488
2.623, 6.88013
2.624, 6.88538
2.625, 6.89062
2.626, 6.89588
2.627, 6.90113
2.628, 6.90638
2.629, 6.91164
2.63, 6.9169
2.631, 6.92216
2.632, 6.92742
2.633, 6.93269
2.634, 6.93796
2.635, 6.94322
2.636, 6.9485
2.637, 6.95377
2.638, 6.95904
2.639, 6.96432
2.64, 6.9696
2.641, 6.97488
2.642, 6.98016
2.643, 6.98545
2.644, 6.99074
2.645, 6.99602
2.646, 7.00132
2.647, 7.00661
2.648, 7.0119
2.649, 7.0172
2.65, 7.0225
2.651, 7.0278
2.652, 7.0331
2.653, 7.03841
2.654, 7.04372
2.655, 7.04902
2.656, 7.05434
2.657, 7.05965
2.658, 7.06496
2.659, 7.07028
2.66, 7.0756
2.661, 7.08092
2.662, 7.08624
2.663, 7.09157
2.664, 7.0969
2.665, 7.10222
2.666, 7.10756
2.667, 7.11289
2.668, 7.11822
2.669, 7.12356
2.67, 7.1289
2.671, 7.13424
2.672, 7.13958
2.673, 7.14493
2.674, 7.15028
2.675, 7.15562
2.676, 7.16098
2.677, 7.16633
2.678, 7.17168
2.679, 7.17704
2.68, 7.1824
2.681, 7.18776
2.682, 7.19312
2.683, 7.19849
2.684, 7.20386
2.685, 7.20922
2.686, 7.2146
2.687, 7.21997
2.688, 7.22534
2.689, 7.23072
2.69, 7.2361
2.691, 7.24148
2.692, 7.24686
2.693, 7.25225
2.694, 7.25764
2.695, 7.26302
2.696, 7.26842
2.697, 7.27381
2.698, 7.2792
2.699, 7.2846
2.7, 7.29
2.701, 7.2954
2.702, 7.3008
2.703, 7.30621
2.704, 7.31162
2.705, 7.31702
2.706, 7.32244
2.707, 7.32785
2.708, 7.33326
2.709, 7.33868
2.71, 7.3441
2.711, 7.34952
2.712, 7.35494
2.713, 7.36037
2.714, 7.3658
2.715, 7.37122
2.716, 7.37666
2.717, 7.38209
2.718, 7.38752
2.719, 7.39296
2.72, 7.3984
2.721, 7.40384
2.722, 7.40928
2.723, 7.41473
2.724, 7.42018
2.725, 7.42562
2.726, 7.43108
2.727, 7.43653
2.728, 7.44198
2.729, 7.44744
2.73, 7.4529
2.731, 7.45836
2.732, 7.46382
2.733, 7.46929
2.734, 7.47476
2.735, 7.48022
2.736, 7.4857
2.737, 7.49117
2.738, 7.49664
2.739, 7.50212
2.74, 7.5076
2.741, 7.51308
2.742, 7.51856
2.743, 7.52405
2.744, 7.52954
2.745, 7.53502
2.746, 7.54052
2.747, 7.54601
2.748, 7.5515
2.749, 7.557
2.75, 7.5625
2.751, 7.568
2.752, 7.5735
2.753, 7.57901
2.754, 7.58452
2.755, 7.59002
2.756, 7.59554
2.757, 7.60105
2.758, 7.60656
2.759, 7.61208
2.76, 7.6176
2.761, 7.62312
2.762, 7.62864
2.763, 7.63417
2.764, 7.6397
2.765, 7.64522
2.766, 7.65076
2.767, 7.65629
2.768, 7.66182
2.769, 7.66736
2.77, 7.6729
2.771, 7.67844
2.772, 7.68398
2.773, 7.68953
2.774, 7.69508
2.775, 7.70062
2.776, 7.70618
2.777, 7.71173
2.778, 7.71728
2.779, 7.72284
2.78, 7.7284
2.781, 7.73396
2.782, 7.73952
2.783, 7.74509
2.784, 7.75066
2.785, 7.75622
2.786, 7.7618
2.787, 7.76737
2.788, 7.77294
2.789, 7.77852
2.79, 7.7841
2.791, 7.78968
2.792, 7.79526
2.793, 7.80085
2.794, 7.80644
2.795, 7.81202
2.796, 7.81762
2.797, 7.82321
2.798, 7.8288
2.799, 7.8344
2.8, 7.84
2.801, 7.8456
2.802, 7.8512
2.803, 7.85681
2.804, 7.86242
2.805, 7.86802
2.806, 7.87364
2.807, 7.87925
2.808, 7.88486
2.809, 7.89048
2.81, 7.8961
2.811, 7.90172
2.812, 7.90734
2.813, 7.91297
2.814, 7.9186
2.815, 7.92422
2.816, 7.92986
2.817, 7.93549
2.818, 7.94112
2.819, 7.94676
2.82, 7.9524
2.821, 7.95804
2.822, 7.96368
2.823, 7.96933
2.824, 7.97498
2.825, 7.98062
2.826, 7.98628
2.827, 7.99193
2.828, 7.99758
2.829, 8.00324
2.83, 8.0089
2.831, 8.01456
2.832, 8.02022
2.833, 8.02589
2.834, 8.03156
2.835, 8.03722
2.836, 8.0429
2.837, 8.04857
2.838, 8.05424
2.839, 8.05992
2.84, 8.0656
2.841, 8.07128
2.842, 8.07696
2.843, 8.08265
2.844, 8.08834
2.845, 8.09402
2.846, 8.09972
2.847, 8.10541
2.848, 8.1111
2.849, 8.1168
2.85, 8.1225
2.851, 8.1282
2.852, 8.1339
2.853, 8.13961
2.854, 8.14532
2.855, 8.15102
2.856, 8.15674
2.857, 8.16245
2.858, 8.16816
2.859, 8.17388
2.86, 8.1796
2.861, 8.18532
2.862, 8.19104
2.863, 8.19677
2.864, 8.2025
2.865, 8.20822
2.866, 8.21396
2.867, 8.21969
2.868, 8.22542
2.869, 8.23116
2.87, 8.2369
2.871, 8.24264
2.872, 8.24838
2.873, 8.25413
2.874, 8.25988
2.875, 8.26562
2.876, 8.27138
2.877, 8.27713
2.878, 8.28288
2.879, 8.28864
2.88, 8.2944
2.881, 8.30016
2.882, 8.30592
2.883, 8.31169
2.884, 8.31746
2.885, 8.32322
2.886, 8.329
2.887, 8.33477
2.888, 8.34054
2.889, 8.34632
2.89, 8.3521
2.891, 8.35788
2.892, 8.36366
2.893, 8.36945
2.894, 8.37524
2.895, 8.38102
2.896, 8.38682
2.897, 8.39261
2.898, 8.3984
2.899, 8.4042
2.9, 8.41
2.901, 8.4158
2.902, 8.4216
2.903, 8.42741
2.904, 8.43322
2.905, 8.43902
2.906, 8.44484
2.907, 8.45065
2.908, 8.45646
2.909, 8.46228
2.91, 8.4681
2.911, 8.47392
2.912, 8.47974
2.913, 8.48557
2.914, 8.4914
2.915, 8.49722
2.916, 8.50306
2.917, 8.50889
2.918, 8.51472
2.919, 8.52056
2.92, 8.5264
2.921, 8.53224
2.922, 8.53808
2.923, 8.54393
2.924, 8.54978
2.925, 8.55562
2.926, 8.56148
2.927, 8.56733
2.928, 8.57318
2.929, 8.57904
2.93, 8.5849
2.931, 8.59076
2.932, 8.59662
2.933, 8.60249
2.934, 8.60836
2.935, 8.61422
2.936, 8.6201
2.937, 8.62597
2.938, 8.63184
2.939, 8.63772
2.94, 8.6436
2.941, 8.64948
2.942, 8.65536
2.943, 8.66125
2.944, 8.66714
2.945, 8.67302
2.946, 8.67892
2.947, 8.68481
2.948, 8.6907
2.949, 8.6966
2.95, 8.7025
2.951, 8.7084
2.952, 8.7143
2.953, 8.72021
2.954, 8.72612
2.955, 8.73202
2.956, 8.73794
2.957, 8.74385
2.958, 8.74976
2.959, 8.75568
2.96, 8.7616
2.961, 8.76752
2.962, 8.77344
2.963, 8.77937
2.964, 8.7853
2.965, 8.79122
2.966, 8.79716
2.967, 8.80309
2.968, 8.80902
2.969, 8.81496
2.97, 8.8209
2.971, 8.82684
2.972, 8.83278
2.973, 8.83873
2.974, 8.84468
2.975, 8.85062
2.976, 8.85658
2.977, 8.86253
2.978, 8.86848
2.979, 8.87444
2.98, 8.8804
2.981, 8.88636
2.982, 8.89232
2.983, 8.89829
2.984, 8.90426
2.985, 8.91022
2.986, 8.9162
2.987, 8.92217
2.988, 8.92814
2.989, 8.93412
2.99, 8.9401
2.991, 8.94608
2.992, 8.95206
2.993, 8.95805
2.994, 8.96404
2.995, 8.97002
2.996, 8.97602
2.997, 8.98201
2.998, 8.988
2.999, 8.994
